       17      197 12345678 12345678 0.123457E+01
   2259  5    567      0 0
   1   3   4   8  10
   3309  4    869      0 0
   1   3   4  11
   4497  3    693      0 0
   1   3   4
   4965  4    747      0 0
   1   4   9  11
   5961  3    733      0 0
   1   4   9
    768  2    763      0 0
   1   4
   3915  2    723      0 0
   1   4
   3417  2    705      0 0
   1   8
   4752  3   1075      0 0
   2   5  11
   5454  5   1061      0 0
   2   6  11  13  17
   2112  3    971      0 0
   2   7  11
   3675  2   1105      0 0
   2   7
   5943  5   1047      0 0
   2  11  13  14  17
   5247  4   1035      0 0
   2  11  13  17
   5298  4    995      0 0
   2  11  14  15
   4542  3    983      0 0
   2  11  14
   5484  3   1009      0 0
   2  11  15
   3810  2    961      0 0
   2  11
   5385  1   1087      0 0
   2
   4140  4    673      0 0
   3   5   8  10
   5199  3    949      0 0
   3   5  11
   4809  6    659      0 0
   3   6   8  10  13  17
   5868  5    935      0 0
   3   6  11  13  17
   5796  4    581      0 0
   3   7   8  10
   5307  6    631      0 0
   3   8  10  13  14  17
   6252  6    645      0 0
   3   8  10  13  15  17
   4611  5    619      0 0
   3   8  10  13  17
   4662  5    605      0 0
   3   8  10  14  15
   3897  4    593      0 0
   3   8  10  14
   2862  3    557      0 0
   3   8  10
   6357  5    921      0 0
   3  11  13  14  17
   5661  4    909      0 0
   3  11  13  17
   5712  4    895      0 0
   3  11  14  15
   4956  3    883      0 0
   3  11  14
   3912  2    859      0 0
   3  11
   5100  1    685      0 0
   3
   4767  5   2729      0 0
   4   5  10  12  16
   3822  5   3603      0 0
   4   5  10  16  17
   4047  3   3649      0 0
   4   5  10
   5661  3   1249      0 0
   4   9  10
   5562  5   1971      0 0
   4  10  12  13  14
   4548  5   2271      0 0
   4  10  12  14  16
   6261  5   2421      0 0
   4  10  12  15  16
   4767  5   2849      0 0
   4  10  13  14  17
   6507  5   2939      0 0
   4  10  13  15  17
   4608  4   1795      0 0
   4  10  14  15
   3603  5   3289      0 0
   4  10  14  16  17
   3357  3   1521      0 0
   4  10  14
   5316  5   3445      0 0
   4  10  15  16  17
   4746  3   1697      0 0
   4  10  15
   2820  2    539      0 0
   4  10
   6345  4   4161      0 0
   5   7  12  16
   6090  4   4175      0 0
   5   7  16  17
   4239  5   2715      0 0
   5   8  10  12  16
   5739  5   4227      0 0
   5   8  10  16  17
   3294  5   3589      0 0
   5   8  10  16  17
   3507  3   3639      0 0
   5   8  10
   6525  5   4189      0 0
   5  12  13  16  17
   1833  3   2703      0 0
   5  12  16
   5268  3   4203      0 0
   5  12  16
   1158  3   3577      0 0
   5  16  17
   1158  3     90      0 0
   5  16  17
   1272  1   3631      0 0
   5
   6423  5   1191      0 0
   6   7   9  13  17
   6141  6   4107      0 0
   6   7  12  13  16  17
   6375  5   2553      0 0
   6   9  11  12  16
   5958  5    835      0 0
   6   9  11  13  17
   5421  5   3559      0 0
   6   9  11  16  17
   5667  3   2765      0 0
   6   9  11
   5079  5   1393      0 0
   6   9  13  15  17
   3477  4   1449      0 0
   6   9  13  17
   6426  4   3543      0 0
   6   9  16  17
   6495  6   4091      0 0
   6  11  12  13  16  17
   3918  7   2365      0 0
   6  12  13  14  15  16  17
   4077  6   2525      0 0
   6  12  13  15  16  17
   2700  5   2689      0 0
   6  12  13  16  17
   2445  3   2073      0 0
   6  12  13
   5313  3   2541      0 0
   6  12  16
   2727  5   1629      0 0
   6  13  14  15  17
   2661  4   1867      0 0
   6  13  15  17
   2301  3   3029      0 0
   6  13  17
   4368  3   3531      0 0
   6  16  17
   1569  1   2779      0 0
   6
   4563  5   2227      0 0
   7   9  11  12  16
   4599  4   1757      0 0
   7   9  11  15
   3606  5   3245      0 0
   7   9  11  16  17
   3831  3   1135      0 0
   7   9  11
   5559  4   2211      0 0
   7   9  12  16
   6225  4   1177      0 0
   7   9  13  17
   5508  3   1149      0 0
   7   9  14
   5595  3   1743      0 0
   7   9  15
   4614  4   3229      0 0
   7   9  16  17
   4836  2   1123      0 0
   7   9
   5901  5   2011      0 0
   7  12  13  14  15
   6477  6   2657      0 0
   7  12  13  15  16  17
   6078  4   2035      0 0
   7  12  13  15
   4887  5   2333      0 0
   7  12  14  15  16
   6123  4   3843      0 0
   7  12  14  16
   5040  4   2451      0 0
   7  12  15  16
   3486  3   2199      0 0
   7  12  16
   5100  5   2903      0 0
   7  13  14  15  17
   5286  4   2965      0 0
   7  13  15  17
   3933  5   3365      0 0
   7  14  15  16  17
   3699  3   1591      0 0
   7  14  15
   5868  4   3857      0 0
   7  14  16  17
   4095  4   3475      0 0
   7  15  16  17
   3522  2   1733      0 0
   7  15
   2541  3   3217      0 0
   7  16  17
    204  1   1207      0 0
   7
   4995  4   1311      0 0
   8   9  10  14
   5133  3   1237      0 0
   8   9  10
   6585  6   1997      0 0
   8  10  12  13  14  15
   5418  7   2611      0 0
   8  10  12  13  14  16  17
   5031  5   1959      0 0
   8  10  12  13  14
   5571  6   2301      0 0
   8  10  12  14  15  16
   4017  5   2257      0 0
   8  10  12  14  16
   5730  5   2407      0 0
   8  10  12  15  16
   5478  6   1853      0 0
   8  10  13  14  15  17
   5841  6   2989      0 0
   8  10  13  14  15  17
   4239  5   2837      0 0
   8  10  13  14  17
   5979  5   2927      0 0
   8  10  13  15  17
   4626  6   3333      0 0
   8  10  14  15  16  17
   4080  4   1783      0 0
   8  10  14  15
   3075  5   3275      0 0
   8  10  14  16  17
   2829  3   1511      0 0
   8  10  14
   4788  5   3431      0 0
   8  10  15  16  17
   4215  3   1687      0 0
   8  10  15
   5544  4   3661      0 0
   8  10  16  17
    165  2    549      0 0
   8  10
   5901  4   2183      0 0
   9  11  12  16
   5760  4    821      0 0
   9  11  13  17
   5046  3    793      0 0
   9  11  14
   5988  3    807      0 0
   9  11  15
   4956  4   3201      0 0
   9  11  16  17
   1608  2   1275      0 0
   9  11
   5214  2   1263      0 0
   9  11
   3975  4   1421      0 0
   9  13  14  17
   4884  4   1379      0 0
   9  13  15  17
   3282  3   1409      0 0
   9  13  17
   3333  3   1325      0 0
   9  14  15
   3333  3    492      0 0
   9  14  15
   2565  2   1299      0 0
   9  14
   3519  2   1339      0 0
   9  15
   5373  3   3697      0 0
   9  16  17
   2913  1   1227      0 0
   9
   5637  5   2583      0 0
  11  12  13  16  17
   5250  3   1939      0 0
  11  12  13
   5661  5   2317      0 0
  11  12  14  15  16
   6456  4   3815      0 0
  11  12  14  16
   5814  4   2437      0 0
  11  12  15  16
   4212  3   2171      0 0
  11  12  16
   5874  5   2889      0 0
  11  13  14  15  17
   5697  4   1829      0 0
  11  13  15  17
   4458  3   2803      0 0
  11  13  17
   4707  5   3349      0 0
  11  14  15  16  17
   4473  3   1579      0 0
  11  14  15
   6201  4   3829      0 0
  11  14  16  17
   4869  4   3461      0 0
  11  15  16  17
   4296  2   1709      0 0
  11  15
   3267  3   3189      0 0
  11  16  17
    156  1    851      0 0
  11
   3720  6   2349      0 0
  12  13  14  15  16  17
   3360  4   1985      0 0
  12  13  14  15
   6303  5   3885      0 0
  12  13  14  16  17
   2988  5   2597      0 0
  12  13  14  16  17
   2601  3   1949      0 0
  12  13  14
   3870  5   2495      0 0
  12  13  15  16  17
   3546  3   2025      0 0
  12  13  15
   2724  4   2571      0 0
  12  13  16  17
   2466  2   1931      0 0
  12  13
   3174  4   2465      0 0
  12  14  15  16
   2646  4   2287      0 0
  12  14  15  16
   1818  3   2245      0 0
  12  14  16
   5877  3   2093      0 0
  12  14  16
   3375  3   2395      0 0
  12  15  16
   4893  2   2083      0 0
  12  16
   2664  2   2151      0 0
  12  16
   2529  4   1603      0 0
  13  14  15  17
   3048  4   1841      0 0
  13  14  15  17
   2280  3   2827      0 0
  13  14  17
   2685  3   1819      0 0
  13  15  17
   2325  2   2787      0 0
  13  17
   6291  4   3951      0 0
  14  15  16  17
   5595  4   1657      0 0
  14  15  16  17
   5787  4   3393      0 0
  14  15  16  17
   2091  4   3305      0 0
  14  15  16  17
   5913  4   3131      0 0
  14  15  16  17
   1776  2   1533      0 0
  14  15
   4767  3   3911      0 0
  14  16  17
   1263  3   3263      0 0
  14  16  17
    948  1   1503      0 0
  14
   2820  3   3407      0 0
  15  16  17
   5412  3   1879      0 0
  15  16  17
   2451  1   1671      0 0
  15
   4044  2   3179      0 0
  16  17
   2109  2   3169      0 0
  16  17
   4797  2   3735      0 0
  16  17
