       19      294 12345678 12345678 0.123457E+01
   3384  1    330      0 0
   1
   6993  2   2771      0 0
   2   9
   2793  2   2743      0 0
   2   9
   2793  2    249      0 0
   2   9
   5346  2   2715      0 0
   2  13
   5295  4   6813      0 0
   3   4   7  15
   6378  5   6952      0 0
   3   6   7   8  12
   6258  5   6925      0 0
   3   6   7  11  12
   4293  5   6938      0 0
   3   6   7  11  15
   4248  6   6910      0 0
   3   7   8  12  14  17
   6348  5   6839      0 0
   3   7   8  12  14
   6198  5   6852      0 0
   3   7  11  12  14
   4230  5   6865      0 0
   3   7  11  14  15
   5595  5   6879      0 0
   3   7  12  16  17
   3648  5   6894      0 0
   3   7  15  16  17
   5649  4   6799      0 0
   3   7  15  16
   4215  3   6827      0 0
   3   7  15
    630  1    141      0 0
   3
   6210  6   1675      0 0
   4   5   6   7  11  12
   5592  6   5342      0 0
   4   5   6   7  11  15
   5370  6   2649      0 0
   4   5   6   9  11  18
   3885  4   5400      0 0
   4   5   6  11
   6204  4   1651      0 0
   4   5   7  12
   5595  4   5300      0 0
   4   5   7  15
   5619  6   1186      0 0
   4   5   9  12  18  19
   5001  6   4660      0 0
   4   5   9  15  18  19
   4758  6   3131      0 0
   4   5   9  16  17  18
   6369  5   2041      0 0
   4   5   9  17  18
   5373  4   2613      0 0
   4   5   9  18
   5400  5    854      0 0
   4   5  10  12  19
   5463  5   2322      0 0
   4   5  10  13  18
   4782  5   4294      0 0
   4   5  10  15  19
   4542  5   2983      0 0
   4   5  10  16  17
   6150  4   1923      0 0
   4   5  10  17
   5157  3   1885      0 0
   4   5  10
   5286  6   1441      0 0
   4   5  11  12  14  19
   5346  6   2450      0 0
   4   5  11  13  14  18
   4665  6   5004      0 0
   4   5  11  14  15  19
   4371  6   3281      0 0
   4   5  11  14  16  17
   5982  5   2153      0 0
   4   5  11  14  17
   5337  4   5440      0 0
   4   5  11  14
   6099  5   4906      0 0
   4   5  15  16  19
   2112  3   3450      0 0
   4   5  16
   3675  2   3504      0 0
   4   5
   5292  5   6752      0 0
   4   6   7  11  15
   6015  6   3610      0 0
   4   6   9  11  17  18
   3369  3   3660      0 0
   4   6  11
   5211  5   6542      0 0
   4   7  11  14  15
   4629  5   6649      0 0
   4   7  15  16  17
   5208  3   6530      0 0
   4   7  15
   4656  6   3584      0 0
   4   8  13  14  17  18
   4587  5   6433      0 0
   4   8  14  15  19
   4296  4   3648      0 0
   4   8  14  17
   4848  5   6069      0 0
   4   9  15  18  19
   5700  4   3598      0 0
   4   9  17  18
   5838  5   3556      0 0
   4  10  13  17  18
   4638  4   5706      0 0
   4  10  15  19
   5532  3   3532      0 0
   4  10  17
   5994  6   3570      0 0
   4  11  13  14  17  18
   4548  5   5655      0 0
   4  11  14  15  19
   5634  4   3636      0 0
   4  11  14  17
   4848  5   5857      0 0
   4  13  15  18  19
   4260  4   3544      0 0
   4  13  17  18
   5967  4   5569      0 0
   4  15  16  19
   5946  4   5514      0 0
   4  15  16  19
   4542  3   5583      0 0
   4  15  19
   2511  3   3624      0 0
   4  16  17
   4014  2   3522      0 0
   4  17
    204  1   3670      0 0
   4
   6345  6   5326      0 0
   5   6   7  11  15  16
   6120  6   2635      0 0
   5   6   9  11  16  18
   4638  4   5388      0 0
   5   6  11  16
   5595  3   5378      0 0
   5   6  11
   6348  4   5286      0 0
   5   7  15  16
   5007  6   3410      0 0
   5   8  13  14  16  18
   4662  4   3474      0 0
   5   8  14  16
   6372  6   1171      0 0
   5   9  12  16  18  19
   5751  6   4644      0 0
   5   9  15  16  18  19
   6054  4   3424      0 0
   5   9  16  18
   6153  5    839      0 0
   5  10  12  16  19
   6192  5   3382      0 0
   5  10  13  16  18
   5532  5   4278      0 0
   5  10  15  16  19
   6492  4   4264      0 0
   5  10  15  19
   6249  4   2969      0 0
   5  10  16  17
   5883  3   3358      0 0
   5  10  16
   6036  6   1426      0 0
   5  11  12  14  16  19
   6099  6   2436      0 0
   5  11  13  14  16  18
   5418  6   4988      0 0
   5  11  14  15  16  19
   6375  5   4974      0 0
   5  11  14  15  19
   6081  5   3267      0 0
   5  11  14  16  17
   6012  4   3462      0 0
   5  11  14  16
   4611  4   3370      0 0
   5  13  16  18
   3810  2   3348      0 0
   5  16
   5385  1   3486      0 0
   5
   6327  6   6778      0 0
   6   7   8  11  12  14
   5784  4   1690      0 0
   6   7   8  12
   5166  4   5358      0 0
   6   7   8  15
   5382  7   1582      0 0
   6   7   9  11  12  17  18
   4764  7   5184      0 0
   6   7   9  11  15  17  18
   6486  6   1597      0 0
   6   7  11  12  16  17
   2727  4   1664      0 0
   6   7  11  12
   5865  6   5214      0 0
   6   7  11  15  16  17
   5649  5   6738      0 0
   6   7  11  15  16
   2109  4     75      0 0
   6   7  11  15
   5187  6   1214      0 0
   6   8   9  12  18  19
   4578  6   4690      0 0
   6   8   9  15  18  19
   4338  6   3161      0 0
   6   8   9  16  17  18
   5937  5   2067      0 0
   6   8   9  17  18
   4944  4   2663      0 0
   6   8   9  18
   6291  5   1391      0 0
   6   8  12  16  19
   5682  5   4936      0 0
   6   8  15  16  19
   3459  2   5412      0 0
   6   8
   4323  6   1785      0 0
   6   9  10  11  17  18
   2151  6   1201      0 0
   6   9  11  12  18  19
   1581  6   4676      0 0
   6   9  11  15  18  19
   5919  6   4786      0 0
   6   9  11  15  18  19
   1500  6   3147      0 0
   6   9  11  16  17  18
   2910  5   2055      0 0
   6   9  11  17  18
   1887  4   2625      0 0
   6   9  11  18
   5427  5   1811      0 0
   6  10  11  16  17
   3552  7   1003      0 0
   6  11  12  13  16  18  19
   3234  5   1378      0 0
   6  11  12  16  19
   2931  7   4450      0 0
   6  11  13  15  16  18  19
   4299  6   1981      0 0
   6  11  13  16  17  18
   3306  5   2414      0 0
   6  11  13  16  18
   2625  5   4922      0 0
   6  11  15  16  19
   3981  4   2111      0 0
   6  11  16  17
   2952  3   2919      0 0
   6  11  16
   1083  2   5370      0 0
   6  11
   4011  7   1554      0 0
   7   8  12  13  14  17  18
   5577  6   6566      0 0
   7   8  12  14  15  19
   5583  6   6515      0 0
   7   8  12  14  16  17
   3654  5   1638      0 0
   7   8  12  14  17
   3402  7   5154      0 0
   7   8  13  14  15  17  18
   3033  5   5272      0 0
   7   8  14  15  17
   5058  5   1569      0 0
   7   9  12  17  18
   4449  5   5170      0 0
   7   9  15  17  18
   5196  6   1524      0 0
   7  10  12  13  17  18
   4887  4   1498      0 0
   7  10  12  17
   4587  6   5106      0 0
   7  10  13  15  17  18
   4278  4   5078      0 0
   7  10  15  17
   5361  7   1539      0 0
   7  11  12  13  14  17  18
   5532  6   6694      0 0
   7  11  12  14  16  17
   4992  5   1625      0 0
   7  11  12  14  17
   4740  7   5138      0 0
   7  11  13  14  15  17  18
   3633  6   6709      0 0
   7  11  14  15  16  17
   5568  5   6501      0 0
   7  11  14  15  16
   4383  5   5258      0 0
   7  11  14  15  17
   4233  4   6609      0 0
   7  11  14  15
   3615  5   1511      0 0
   7  12  13  17  18
   2247  4   1612      0 0
   7  12  16  17
   3510  3   1487      0 0
   7  12  17
   2847  2   1478      0 0
   7  12
   5892  6   5122      0 0
   7  13  15  16  17  18
   3009  5   5092      0 0
   7  13  15  17  18
   1671  4   5230      0 0
   7  15  16  17
   5562  3   6489      0 0
   7  15  16
   2931  3   5066      0 0
   7  15  17
   2268  2   5056      0 0
   7  15
   3057  7   1156      0 0
   8   9  12  14  17  18  19
   5901  6   6095      0 0
   8   9  12  14  18  19
   2448  7   4628      0 0
   8   9  14  15  17  18  19
   2814  5   2589      0 0
   8   9  14  17  18
   2841  6    824      0 0
   8  10  12  14  17  19
   5688  5   5732      0 0
   8  10  12  14  19
   2913  6   2294      0 0
   8  10  13  14  17  18
   2229  6   4248      0 0
   8  10  14  15  17  19
   2595  4   1861      0 0
   8  10  14  17
   5067  6   1044      0 0
   8  12  13  14  18  19
   2070  6   1031      0 0
   8  12  13  14  18  19
   5916  6   6235      0 0
   8  12  13  14  18  19
   5169  6   1251      0 0
   8  12  13  14  18  19
   4158  6   1363      0 0
   8  12  14  16  17  19
   4899  6   5554      0 0
   8  12  14  16  17  19
   6318  5   2177      0 0
   8  12  14  17  19
   1815  4   1456      0 0
   8  12  14  19
   2703  4   6459      0 0
   8  12  14  19
   4458  6   4508      0 0
   8  13  14  15  18  19
   1500  6   4480      0 0
   8  13  14  15  18  19
   1419  6   3077      0 0
   8  13  14  16  17  18
   4215  6   3105      0 0
   8  13  14  16  17  18
   2829  5   2007      0 0
   8  13  14  17  18
   1605  4   2464      0 0
   8  13  14  18
   3549  6   4890      0 0
   8  14  15  16  17  19
   4923  5   6419      0 0
   8  14  15  16  19
   1245  4   5020      0 0
   8  14  15  19
   3498  4   6447      0 0
   8  14  15  19
   1110  4   3297      0 0
   8  14  16  17
   2520  3   2167      0 0
   8  14  17
   1047  2    176      0 0
   8  14
   4254  6    749      0 0
   9  10  12  17  18  19
   3636  6   4168      0 0
   9  10  15  17  18  19
   4011  4   1773      0 0
   9  10  17  18
   4407  7   1141      0 0
   9  11  12  14  17  18  19
   5751  6   6108      0 0
   9  11  12  14  18  19
   3786  7   4612      0 0
   9  11  14  15  17  18  19
   3783  6   6121      0 0
   9  11  14  15  18  19
   4161  5   2577      0 0
   9  11  14  17  18
   5574  6   1333      0 0
   9  12  16  17  18  19
   1803  6   1111      0 0
   9  12  16  17  18  19
   3063  5   1068      0 0
   9  12  17  18  19
   1818  4   1057      0 0
   9  12  18  19
   5067  6   3982      0 0
   9  15  16  17  18  19
   1233  6   4580      0 0
   9  15  16  17  18  19
   5205  5   6055      0 0
   9  15  16  18  19
   2496  5   4534      0 0
   9  15  17  18  19
   1206  4   4522      0 0
   9  15  18  19
   3780  4   6083      0 0
   9  15  18  19
   5292  4   2869      0 0
   9  16  17  18
   1125  4   3119      0 0
   9  16  17  18
   1338  4   2553      0 0
   9  16  17  18
   2565  3   2031      0 0
   9  17  18
   1572  2   2497      0 0
   9  18
   4188  6    809      0 0
  10  11  12  14  17  19
   5538  5   5745      0 0
  10  11  12  14  19
   4251  6   2280      0 0
  10  11  13  14  17  18
   3570  6   4232      0 0
  10  11  14  15  17  19
   3573  5   5758      0 0
  10  11  14  15  19
   3942  4   1849      0 0
  10  11  14  17
   2163  7    945      0 0
  10  12  13  16  17  18  19
   2802  6    476      0 0
  10  12  13  17  18  19
   2025  5    917      0 0
  10  12  13  18  19
   6249  5    962      0 0
  10  12  13  18  19
   5463  5    880      0 0
  10  12  16  17  19
   4935  5   5786      0 0
  10  12  16  17  19
   5517  5    599      0 0
  10  12  16  17  19
   1905  5    779      0 0
  10  12  16  17  19
   3165  4    721      0 0
  10  12  17  19
   5514  3   5681      0 0
  10  12  19
   1767  3    710      0 0
  10  12  19
   2193  6   4152      0 0
  10  13  15  17  18  19
   5742  5   4716      0 0
  10  13  15  18  19
   1455  5   4376      0 0
  10  13  15  18  19
   5640  5   4406      0 0
  10  13  15  18  19
   1374  5   3035      0 0
  10  13  16  17  18
   1698  5   2252      0 0
  10  13  16  17  18
   5466  5   2372      0 0
  10  13  16  17  18
   2559  4   1719      0 0
  10  13  17  18
   2958  4   2226      0 0
  10  13  17  18
   1710  3   2216      0 0
  10  13  18
   4773  5   4184      0 0
  10  15  16  17  19
   1335  5   4200      0 0
  10  15  16  17  19
   4992  4   5692      0 0
  10  15  16  19
   2598  4   4124      0 0
  10  15  17  19
   6348  4   3886      0 0
  10  15  17  19
   5889  4   5772      0 0
  10  15  17  19
   3567  3   5720      0 0
  10  15  19
   1197  3   4112      0 0
  10  15  19
   5121  3   2803      0 0
  10  16  17
   5145  3   1799      0 0
  10  16  17
   1116  3   2957      0 0
  10  16  17
   2502  2   1709      0 0
  10  17
   1401  1   1701      0 0
  10
   2148  6   1018      0 0
  11  12  13  14  18  19
   5505  6   1348      0 0
  11  12  14  16  17  19
   1893  4   1415      0 0
  11  12  14  19
   5901  6   3942      0 0
  11  13  14  15  18  19
   3765  6   5909      0 0
  11  13  14  15  18  19
   1578  6   4466      0 0
  11  13  14  15  18  19
   1497  6   3063      0 0
  11  13  14  16  17  18
   5553  6   3091      0 0
  11  13  14  16  17  18
   2907  5   1995      0 0
  11  13  14  17  18
   1863  4   2426      0 0
  11  13  14  18
   4887  6   4874      0 0
  11  14  15  16  17  19
   4890  5   6274      0 0
  11  14  15  16  19
   4881  5   5540      0 0
  11  14  15  16  19
   1323  4   4962      0 0
  11  14  15  19
   3459  4   5669      0 0
  11  14  15  19
   1188  4   3255      0 0
  11  14  16  17
   2598  3   2143      0 0
  11  14  17
    171  2   5484      0 0
  11  14
   4122  6   1318      0 0
  12  13  16  17  18  19
   3261  5    975      0 0
  12  13  16  18  19
   1716  4    895      0 0
  12  13  18  19
   3873  4   1290      0 0
  12  16  17  19
   2952  3   1279      0 0
  12  16  19
   1878  2    692      0 0
  12  19
   3513  6   4842      0 0
  13  15  16  17  18  19
   2652  5   4420      0 0
  13  15  16  18  19
   4164  4   4704      0 0
  13  15  18  19
   1146  4   4352      0 0
  13  15  18  19
   1065  4   3011      0 0
  13  16  17  18
   3849  4   2815      0 0
  13  16  17  18
   3024  3   2350      0 0
  13  16  18
   2472  3   1937      0 0
  13  17  18
   1251  2   2200      0 0
  13  18
   3264  4   4812      0 0
  15  16  17  19
   2343  3   4800      0 0
  15  16  19
   3444  2   5609      0 0
  15  19
   1311  2   4092      0 0
  15  19
   1836  2   2937      0 0
  16  17
   1986  2   2123      0 0
  16  17
    156  1   2929      0 0
  16
   3246  1   1897      0 0
  17
