       31      467     2830    67743 0.6774300e+05
   1875  1   7813      0 0
   1
   1800  1    994      0 0
   2
  18447  6   5997      0 0
   3   5   6  10  12  29
  20928  6   4118      0 0
   3   5   9  14  16  26
  16980  4   7760      0 0
   3   5  10  20
   7074  6   4130      0 0
   3   5  12  14  16  29
   8334  7    364      0 0
   3   5  12  14  22  26  29
  11607  6   7327      0 0
   3   5  14  17  20  26
  21417  6   2334      0 0
   3   5  14  19  24  26
  29745  5   1530      0 0
   3   5  19  21  25
  33594  4   2505      0 0
   3   5  19  25
  14250  4   7749      0 0
   3   6   8  10
  14367  4   5986      0 0
   3   6   8  10
   8877  6   7314      0 0
   3   6   8  14  17  26
  12378  5   7738      0 0
   3   8  10  20  22
   2985  4   4108      0 0
   3   8  14  16
   7002  7   7301      0 0
   3   8  14  17  20  22  26
  16812  7   2317      0 0
   3   8  14  19  22  24  26
   4254  5   5528      0 0
   3   8  14  22  26
  25140  6   1515      0 0
   3   8  19  21  22  25
  28992  5   2490      0 0
   3   8  19  22  25
  22668  6   2933      0 0
   4   5   9  16  23  26
  11838  6   4163      0 0
   4   5  12  15  22  29
   8817  6   2945      0 0
   4   5  12  16  23  29
  28113  4   1248      0 0
   4   5  12  19
  10077  7   4715      0 0
   4   5  12  22  23  26  29
  15111  5   6075      0 0
   4   5  15  17  20
  24921  5   2045      0 0
   4   5  15  19  24
  29823  4   1018      0 0
   4   5  15  19
  13350  6   6595      0 0
   4   5  17  20  23  26
  31122  5   1604      0 0
   4   5  19  21  25
  23160  6   2168      0 0
   4   5  19  23  24  26
  34974  4   2579      0 0
   4   5  19  25
  12381  5   6061      0 0
   4   6   8  15  17
  10620  6   6582      0 0
   4   6   8  17  23  26
  23508  5   1233      0 0
   4   8  12  19  22
  10506  6   6047      0 0
   4   8  15  17  20  22
  20316  6   2027      0 0
   4   8  15  19  22  24
  25218  5   1002      0 0
   4   8  15  19  22
   7758  4   4151      0 0
   4   8  15  22
   4725  4   2923      0 0
   4   8  16  23
   8745  7   6569      0 0
   4   8  17  20  22  23  26
  26520  6   1588      0 0
   4   8  19  21  22  25
  18555  7   2151      0 0
   4   8  19  22  23  24  26
  30369  5   2563      0 0
   4   8  19  22  25
   5997  5   4704      0 0
   4   8  22  23  26
  18543  6   6022      0 0
   5   6   7  10  12  29
  17076  4   7792      0 0
   5   7  10  20
  29838  5   1559      0 0
   5   7  19  21  25
  33690  4   2534      0 0
   5   7  19  25
  14346  4   7781      0 0
   6   7   8  10
  14460  4   6011      0 0
   6   7   8  10
   9900  4    859      0 0
   6   7   9  10
  25227  6   5890      0 0
   6  10  12  13  29  30
  24372  7   5758      0 0
   6  10  12  27  29  30  31
  27117  5   5850      0 0
   6  10  12  29  30
  27072  5   5933      0 0
   6  10  12  29  31
  29508  6   5905      0 0
   6  10  13  24  29  30
  26433  8   5789      0 0
   6  10  18  21  27  29  30  31
  29178  6   5877      0 0
   6  10  18  21  29  30
  29133  6   5960      0 0
   6  10  18  21  29  31
  30282  7   5835      0 0
   6  10  18  27  29  30  31
  27381  8   5773      0 0
   6  10  21  25  27  29  30  31
  30126  6   5863      0 0
   6  10  21  25  29  30
  30084  6   5946      0 0
   6  10  21  25  29  31
  28608  7   5804      0 0
   6  10  24  27  29  30  31
  31353  5   5920      0 0
   6  10  24  29  30
  31308  5   5973      0 0
   6  10  24  29  31
  31233  7   5819      0 0
   6  10  25  27  29  30  31
  12471  5   7770      0 0
   7   8  10  20  22
  25236  6   1544      0 0
   7   8  19  21  22  25
  29085  5   2519      0 0
   7   8  19  22  25
  12336  5   7802      0 0
   7   9  10  20  22
  19284  9   3722      0 0
   7   9  14  16  21  25  27  30  31
  22029  7   3851      0 0
   7   9  14  16  21  25  30
  21987  7   4007      0 0
   7   9  14  16  21  25  31
  23136  8   3795      0 0
   7   9  14  16  25  27  30  31
  25881  6   3957      0 0
   7   9  14  16  25  30
  25836  6   4070      0 0
   7   9  14  16  25  31
  18858 10   3122      0 0
   7   9  16  21  23  25  27  28  30  31
  21603  8   3453      0 0
   7   9  16  21  23  25  27  31
  21603  8   3260      0 0
   7   9  16  21  23  25  28  30
  21459  8   2971      0 0
   7   9  16  21  23  25  28  31
  24294  6   3562      0 0
   7   9  16  21  23  25
  22707  9   3200      0 0
   7   9  16  23  25  27  28  30  31
  25452  7   3521      0 0
   7   9  16  23  25  27  31
  25452  7   3388      0 0
   7   9  16  23  25  28  30
  25311  7   3039      0 0
   7   9  16  23  25  28  31
  25101  6   1573      0 0
   7   9  19  21  22  25
  28950  5   2548      0 0
   7   9  19  22  25
  22848  7   3903      0 0
   9  13  14  16  24  26  30
  22422  8   3330      0 0
   9  13  16  23  24  26  28  30
  25167  6   3610      0 0
   9  13  16  23  24  26
  27279  7   3301      0 0
   9  13  16  23  26  28  30
  21948  8   3766      0 0
   9  14  16  24  26  27  30  31
  24693  6   3932      0 0
   9  14  16  24  26  30
  24651  6   4045      0 0
   9  14  16  24  26  31
  26850  7   3695      0 0
   9  14  16  26  27  30  31
  21519  9   3169      0 0
   9  16  23  24  26  27  28  30  31
  24264  7   3494      0 0
   9  16  23  24  26  27  31
  24264  7   3361      0 0
   9  16  23  24  26  28  30
  24123  7   3012      0 0
   9  16  23  24  26  28  31
  26955  5   3637      0 0
   9  16  23  24  26
  26421  8   3093      0 0
   9  16  23  26  27  28  30  31
   9516  2   4143      0 0
   9  16
  17952  5   7339      0 0
   9  17  20  22  26
  27762  5   2350      0 0
   9  19  22  24  26
  10776  3   5553      0 0
   9  22  26
  18903  5   7634      0 0
  10  13  20  24  30
  23760  4   7623      0 0
  10  13  20  30
  15828  7   7547      0 0
  10  18  20  21  27  30  31
  18573  5   7612      0 0
  10  18  20  21  30
  18528  5   7693      0 0
  10  18  20  21  31
  19677  6   7587      0 0
  10  18  20  27  30  31
  22422  4   7670      0 0
  10  18  20  30
  22380  4   7727      0 0
  10  18  20  31
  16776  7   7533      0 0
  10  20  21  25  27  30  31
  19521  5   7600      0 0
  10  20  21  25  30
  19479  5   7681      0 0
  10  20  21  25  31
  18003  6   7560      0 0
  10  20  24  27  30  31
  20748  4   7647      0 0
  10  20  24  30
  20703  4   7704      0 0
  10  20  24  31
  20628  6   7573      0 0
  10  20  25  27  30  31
  23373  4   7658      0 0
  10  20  25  30
  23328  4   7715      0 0
  10  20  25  31
  24474  4   7522      0 0
  10  20  27  30
  18528  5   5693      0 0
  11  12  13  22  29
  17673  6   5570      0 0
  11  12  22  27  29  31
  20364  4   5656      0 0
  11  12  22  29
  16944  5   7471      0 0
  11  13  17  20  24
  21801  4   7459      0 0
  11  13  17  20
  24579  6    886      0 0
  11  13  18  19  21  24
  29436  5   1977      0 0
  11  13  18  19  21
  28428  5   2889      0 0
  11  13  18  19  24
  33285  4   2873      0 0
  11  13  18  19
  25527  6   1793      0 0
  11  13  19  21  24  25
  30384  5   1776      0 0
  11  13  19  21  25
  29379  5   2719      0 0
  11  13  19  24  25
  31611  4   2381      0 0
  11  13  19  24
  34236  4   2702      0 0
  11  13  19  25
  22809  5   5707      0 0
  11  13  22  24  29
  13866  7   7377      0 0
  11  17  18  20  21  27  31
  16557  5   7447      0 0
  11  17  18  20  21
  17715  6   7420      0 0
  11  17  18  20  27  31
  20409  4   7510      0 0
  11  17  18  20
  14817  7   7362      0 0
  11  17  20  21  25  27  31
  17508  5   7434      0 0
  11  17  20  21  25
  16041  6   7391      0 0
  11  17  20  24  27  31
  18732  4   7485      0 0
  11  17  20  24
  18666  6   7405      0 0
  11  17  20  25  27  31
  21357  4   7497      0 0
  11  17  20  25
  22515  4   7350      0 0
  11  17  20  27
  23676  7   1943      0 0
  11  18  19  21  24  27  31
  26367  5   2011      0 0
  11  18  19  21  24
  28578  6   1961      0 0
  11  18  19  21  27  31
  27528  6   2839      0 0
  11  18  19  24  27  31
  30219  4   2907      0 0
  11  18  19  24
  32430  5   2857      0 0
  11  18  19  27  31
  19734  7   5599      0 0
  11  18  21  22  27  29  31
  22425  5   5681      0 0
  11  18  21  22  29
  23583  6   5642      0 0
  11  18  22  27  29  31
  26274  4   5746      0 0
  11  18  22  29
  24627  7   1740      0 0
  11  19  21  24  25  27  31
  27318  5   1812      0 0
  11  19  21  24  25
  29529  6   1759      0 0
  11  19  21  25  27  31
  28476  6   2666      0 0
  11  19  24  25  27  31
  31167  4   2738      0 0
  11  19  24  25
  30753  5   2365      0 0
  11  19  24  27  31
  33378  5   2685      0 0
  11  19  25  27  31
  20682  7   5584      0 0
  11  21  22  25  27  29  31
  23373  5   5668      0 0
  11  21  22  25  29
  21909  6   5613      0 0
  11  22  24  27  29  31
  24600  4   5721      0 0
  11  22  24  29
  24534  6   5627      0 0
  11  22  25  27  29  31
  27225  4   5733      0 0
  11  22  25  29
  13854  6   3889      0 0
  12  13  14  16  29  30
  15114  7   5378      0 0
  12  13  14  22  26  29  30
  16395  7   4435      0 0
  12  13  15  22  28  29  30
  19194  5   4634      0 0
  12  13  15  22  29
  13425  7   3315      0 0
  12  13  16  23  28  29  30
  16170  5   3597      0 0
  12  13  16  23  29
  27864  6   1342      0 0
  12  13  19  24  28  30
  30609  4   1420      0 0
  12  13  19  24
  32721  5   1326      0 0
  12  13  19  28  30
  35466  3   1406      0 0
  12  13  19
  14685  8   4970      0 0
  12  13  22  23  26  28  29  30
  17430  6   5168      0 0
  12  13  22  23  26  29
  12999  7   3708      0 0
  12  14  16  27  29  30  31
  15744  5   3839      0 0
  12  14  16  29  30
  15699  5   3995      0 0
  12  14  16  29  31
  14259  8   5246      0 0
  12  14  22  26  27  29  30  31
  17004  6   5338      0 0
  12  14  22  26  29  30
  16959  6   5448      0 0
  12  14  22  26  29  31
  15537  8   4285      0 0
  12  15  22  27  28  29  30  31
  18336  6   4515      0 0
  12  15  22  27  29  31
  18282  6   4389      0 0
  12  15  22  28  29  30
  18141  6   4178      0 0
  12  15  22  28  29  31
  12570  8   3107      0 0
  12  16  23  27  28  29  30  31
  15315  6   3440      0 0
  12  16  23  27  29  31
  15315  6   3247      0 0
  12  16  23  28  29  30
  15174  6   2958      0 0
  12  16  23  28  29  31
  26964  7   1292      0 0
  12  19  24  27  28  30  31
  29709  5   1376      0 0
  12  19  24  27  31
  29709  5   1360      0 0
  12  19  24  28  30
  29565  5   1262      0 0
  12  19  24  28  31
  31866  6   1310      0 0
  12  19  27  28  30  31
  34611  4   1392      0 0
  12  19  27  31
  34467  4   1278      0 0
  12  19  28  31
  13830  9   4829      0 0
  12  22  23  26  27  28  29  30  31
  16575  7   5057      0 0
  12  22  23  26  27  29  31
  16575  7   4927      0 0
  12  22  23  26  28  29  30
  16434  7   4729      0 0
  12  22  23  26  28  29  31
  18135  6   3918      0 0
  13  14  16  24  29  30
  13530  7   7179      0 0
  13  14  17  20  24  26  30
  18387  6   7166      0 0
  13  14  17  20  26  30
  28197  6   2285      0 0
  13  14  19  24  26  30
  19395  7   5393      0 0
  13  14  22  24  26  29  30
  14808  7   6313      0 0
  13  15  17  20  24  28  30
  17607  5   6506      0 0
  13  15  17  20  24
  19665  6   6298      0 0
  13  15  17  20  28  30
  22464  4   6493      0 0
  13  15  17  20
  29475  6   2098      0 0
  13  15  19  24  28  30
  32274  4   2134      0 0
  13  15  19  24
  34377  5   1101      0 0
  13  15  19  28  30
  37176  3   1186      0 0
  13  15  19
  20676  7   4452      0 0
  13  15  22  24  28  29  30
  23475  5   4649      0 0
  13  15  22  24  29
  17706  7   3346      0 0
  13  16  23  24  28  29  30
  20451  5   3624      0 0
  13  16  23  24  29
  13101  8   6818      0 0
  13  17  20  23  24  26  28  30
  15846  6   6998      0 0
  13  17  20  23  24  26
  17958  7   6804      0 0
  13  17  20  23  26  28  30
  20703  5   6986      0 0
  13  17  20  23  26
  29925  7   1909      0 0
  13  18  19  21  24  28  30
  34782  6   1893      0 0
  13  18  19  21  28  30
  33774  6   2805      0 0
  13  18  19  24  28  30
  30876  7   1704      0 0
  13  19  21  24  25  28  30
  31668  6   1483      0 0
  13  19  21  24  25  30
  35733  6   1687      0 0
  13  19  21  25  28  30
  36525  5   1468      0 0
  13  19  21  25  30
  27768  7   2218      0 0
  13  19  23  24  26  28  30
  30513  5   2252      0 0
  13  19  23  24  26
  34725  6   2630      0 0
  13  19  24  25  28  30
  35517  5   2458      0 0
  13  19  24  25  30
  18966  8   4986      0 0
  13  22  23  24  26  28  29  30
  21711  6   5182      0 0
  13  22  23  24  26  29
  15060  8   3752      0 0
  14  16  18  21  27  29  30  31
  17805  6   3877      0 0
  14  16  18  21  29  30
  17760  6   4033      0 0
  14  16  18  21  29  31
  18909  7   3825      0 0
  14  16  18  27  29  30  31
  21654  5   3983      0 0
  14  16  18  29  30
  21612  5   4096      0 0
  14  16  18  29  31
  16008  8   3737      0 0
  14  16  21  25  27  29  30  31
  18753  6   3864      0 0
  14  16  21  25  29  30
  18711  6   4020      0 0
  14  16  21  25  29  31
  17235  7   3781      0 0
  14  16  24  27  29  30  31
  19980  5   3945      0 0
  14  16  24  29  30
  19935  5   4058      0 0
  14  16  24  29  31
  19860  7   3810      0 0
  14  16  25  27  29  30  31
  22605  5   3970      0 0
  14  16  25  29  30
  22560  5   4083      0 0
  14  16  25  29  31
  23709  5   3683      0 0
  14  16  27  29  30
  10452  9   7078      0 0
  14  17  18  20  21  26  27  30  31
  13197  7   7153      0 0
  14  17  18  20  21  26  30
  13155  7   7248      0 0
  14  17  18  20  21  26  31
  14304  8   7124      0 0
  14  17  18  20  26  27  30  31
  17049  6   7221      0 0
  14  17  18  20  26  30
  17004  6   7288      0 0
  14  17  18  20  26  31
  11403  9   7062      0 0
  14  17  20  21  25  26  27  30  31
  14148  7   7139      0 0
  14  17  20  21  25  26  30
  14106  7   7234      0 0
  14  17  20  21  25  26  31
  12627  8   7093      0 0
  14  17  20  24  26  27  30  31
  15372  6   7194      0 0
  14  17  20  24  26  30
  15330  6   7261      0 0
  14  17  20  24  26  31
  15252  8   7108      0 0
  14  17  20  25  26  27  30  31
  17997  6   7207      0 0
  14  17  20  25  26  30
  17955  6   7274      0 0
  14  17  20  25  26  31
  19101  6   7049      0 0
  14  17  20  26  27  30
  16320  9   5277      0 0
  14  18  21  22  26  27  29  30  31
  19065  7   5365      0 0
  14  18  21  22  26  29  30
  19020  7   5475      0 0
  14  18  21  22  26  29  31
  20169  8   5323      0 0
  14  18  22  26  27  29  30  31
  22914  6   5435      0 0
  14  18  22  26  29  30
  22872  6   5515      0 0
  14  18  22  26  29  31
  27339  7   2268      0 0
  14  19  24  26  27  30  31
  30042  5   2302      0 0
  14  19  24  26  31
  17268  9   5261      0 0
  14  21  22  25  26  27  29  30  31
  20013  7   5351      0 0
  14  21  22  25  26  29  30
  19971  7   5461      0 0
  14  21  22  25  26  29  31
  18495  8   5292      0 0
  14  22  24  26  27  29  30  31
  21240  6   5408      0 0
  14  22  24  26  29  30
  21195  6   5488      0 0
  14  22  24  26  29  31
  21120  8   5307      0 0
  14  22  25  26  27  29  30  31
  23865  6   5421      0 0
  14  22  25  26  29  30
  23820  6   5501      0 0
  14  22  25  26  29  31
  24969  6   5233      0 0
  14  22  26  27  29  30
  11733  9   6198      0 0
  15  17  18  20  21  27  28  30  31
  14532  7   6405      0 0
  15  17  18  20  21  27  31
  14478  7   6283      0 0
  15  17  18  20  21  28  30
  14337  7   6104      0 0
  15  17  18  20  21  28  31
  17223  5   6480      0 0
  15  17  18  20  21
  15582  8   6250      0 0
  15  17  18  20  27  28  30  31
  18381  6   6451      0 0
  15  17  18  20  27  31
  18327  6   6361      0 0
  15  17  18  20  28  30
  18186  6   6150      0 0
  15  17  18  20  28  31
  21072  4   6548      0 0
  15  17  18  20
  12681  9   6180      0 0
  15  17  20  21  25  27  28  30  31
  15483  7   6389      0 0
  15  17  20  21  25  27  31
  15429  7   6267      0 0
  15  17  20  21  25  28  30
  15285  7   6088      0 0
  15  17  20  21  25  28  31
  18174  5   6466      0 0
  15  17  20  21  25
  13908  8   6215      0 0
  15  17  20  24  27  28  30  31
  16707  6   6420      0 0
  15  17  20  24  27  31
  16653  6   6330      0 0
  15  17  20  24  28  30
  16512  6   6119      0 0
  15  17  20  24  28  31
  19398  4   6521      0 0
  15  17  20  24
  16533  8   6232      0 0
  15  17  20  25  27  28  30  31
  19332  6   6435      0 0
  15  17  20  25  27  31
  19278  6   6345      0 0
  15  17  20  25  28  30
  19137  6   6134      0 0
  15  17  20  25  28  31
  22023  4   6534      0 0
  15  17  20  25
  20382  6   6165      0 0
  15  17  20  27  28  30
  23181  4   6376      0 0
  15  17  20  27
  17598  9   4320      0 0
  15  18  21  22  27  28  29  30  31
  20397  7   4546      0 0
  15  18  21  22  27  29  31
  20343  7   4420      0 0
  15  18  21  22  28  29  30
  20202  7   4209      0 0
  15  18  21  22  28  29  31
  23088  5   4621      0 0
  15  18  21  22  29
  21447  8   4372      0 0
  15  18  22  27  28  29  30  31
  24249  6   4592      0 0
  15  18  22  27  29  31
  24195  6   4500      0 0
  15  18  22  28  29  30
  24051  6   4255      0 0
  15  18  22  28  29  31
  26940  4   4691      0 0
  15  18  22  29
  28620  7   1065      0 0
  15  19  24  27  28  30  31
  31419  5   1154      0 0
  15  19  24  27  31
  31365  5   1137      0 0
  15  19  24  28  30
  31224  5   1033      0 0
  15  19  24  28  31
  34110  3   1218      0 0
  15  19  24
  33522  6   1084      0 0
  15  19  27  28  30  31
  36321  4   1171      0 0
  15  19  27  31
  36126  4   1050      0 0
  15  19  28  31
  18549  9   4302      0 0
  15  21  22  25  27  28  29  30  31
  21348  7   4530      0 0
  15  21  22  25  27  29  31
  21294  7   4404      0 0
  15  21  22  25  28  29  30
  21153  7   4193      0 0
  15  21  22  25  28  29  31
  24039  5   4607      0 0
  15  21  22  25  29
  19773  8   4337      0 0
  15  22  24  27  28  29  30  31
  22572  6   4561      0 0
  15  22  24  27  29  31
  22518  6   4469      0 0
  15  22  24  28  29  30
  22377  6   4224      0 0
  15  22  24  28  29  31
  25263  4   4664      0 0
  15  22  24  29
  22398  8   4354      0 0
  15  22  25  27  28  29  30  31
  25197  6   4576      0 0
  15  22  25  27  29  31
  25143  6   4484      0 0
  15  22  25  28  29  30
  25002  6   4239      0 0
  15  22  25  28  29  31
  27888  4   4677      0 0
  15  22  25  29
  26247  6   4270      0 0
  15  22  27  28  29  30
  14631  9   3154      0 0
  16  18  21  23  27  28  29  30  31
  17376  7   3481      0 0
  16  18  21  23  27  29  31
  17376  7   3288      0 0
  16  18  21  23  28  29  30
  17235  7   2999      0 0
  16  18  21  23  28  29  31
  20067  5   3586      0 0
  16  18  21  23  29
  18480  8   3232      0 0
  16  18  23  27  28  29  30  31
  21225  6   3549      0 0
  16  18  23  27  29  31
  21225  6   3416      0 0
  16  18  23  28  29  30
  21084  6   3067      0 0
  16  18  23  28  29  31
  23916  4   3672      0 0
  16  18  23  29
  15582  9   3138      0 0
  16  21  23  25  27  28  29  30  31
  18327  7   3467      0 0
  16  21  23  25  27  29  31
  18327  7   3274      0 0
  16  21  23  25  28  29  30
  18183  7   2985      0 0
  16  21  23  25  28  29  31
  21018  5   3574      0 0
  16  21  23  25  29
  16806  8   3185      0 0
  16  23  24  27  28  29  30  31
  19551  6   3508      0 0
  16  23  24  27  29  31
  19551  6   3375      0 0
  16  23  24  28  29  30
  19410  6   3026      0 0
  16  23  24  28  29  31
  22242  4   3649      0 0
  16  23  24  29
  19431  8   3216      0 0
  16  23  25  27  28  29  30  31
  22176  6   3535      0 0
  16  23  25  27  29  31
  22176  6   3402      0 0
  16  23  25  28  29  30
  22035  6   3053      0 0
  16  23  25  28  29  31
  24867  4   3660      0 0
  16  23  25  29
  23280  6   3080      0 0
  16  23  27  28  29  30
  26025  4   3429      0 0
  16  23  27  29
  10023 10   6710      0 0
  17  18  20  21  23  26  27  28  30  31
  12771  8   6904      0 0
  17  18  20  21  23  26  27  31
  12771  8   6790      0 0
  17  18  20  21  23  26  28  30
  12627  8   6622      0 0
  17  18  20  21  23  26  28  31
  15462  6   6974      0 0
  17  18  20  21  23  26
  13875  9   6759      0 0
  17  18  20  23  26  27  28  30  31
  16620  7   6947      0 0
  17  18  20  23  26  27  31
  16620  7   6863      0 0
  17  18  20  23  26  28  30
  16479  7   6665      0 0
  17  18  20  23  26  28  31
  19311  5   7037      0 0
  17  18  20  23  26
  10974 10   6693      0 0
  17  20  21  23  25  26  27  28  30  31
  13719  8   6889      0 0
  17  20  21  23  25  26  27  31
  13719  8   6775      0 0
  17  20  21  23  25  26  28  30
  13578  8   6607      0 0
  17  20  21  23  25  26  28  31
  16410  6   6961      0 0
  17  20  21  23  25  26
  12198  9   6726      0 0
  17  20  23  24  26  27  28  30  31
  14946  7   6918      0 0
  17  20  23  24  26  27  31
  14946  7   6834      0 0
  17  20  23  24  26  28  30
  14802  7   6636      0 0
  17  20  23  24  26  28  31
  17637  5   7012      0 0
  17  20  23  24  26
  14823  9   6742      0 0
  17  20  23  25  26  27  28  30  31
  17571  7   6932      0 0
  17  20  23  25  26  27  31
  17571  7   6848      0 0
  17  20  23  25  26  28  30
  17427  7   6650      0 0
  17  20  23  25  26  28  31
  20262  5   7024      0 0
  17  20  23  25  26
  18672  7   6679      0 0
  17  20  23  26  27  28  30
  21420  5   6877      0 0
  17  20  23  26  27
    867  2   6561      0 0
  17  20
  29025  8   1859      0 0
  18  19  21  24  27  28  30  31
  31770  6   1927      0 0
  18  19  21  24  28  30
  31626  6   1829      0 0
  18  19  21  24  28  31
  33927  7   1877      0 0
  18  19  21  27  28  30  31
  36528  5   1845      0 0
  18  19  21  28  31
  32874  7   2771      0 0
  18  19  24  27  28  30  31
  35619  5   2823      0 0
  18  19  24  28  30
  35478  5   2755      0 0
  18  19  24  28  31
  37776  6   2789      0 0
  18  19  27  28  30  31
  15891 10   4862      0 0
  18  21  22  23  26  27  28  29  30  31
  18636  8   5086      0 0
  18  21  22  23  26  27  29  31
  18636  8   4956      0 0
  18  21  22  23  26  28  29  30
  18495  8   4758      0 0
  18  21  22  23  26  28  29  31
  21327  6   5156      0 0
  18  21  22  23  26  29
  19740  9   4911      0 0
  18  22  23  26  27  28  29  30  31
  22485  7   5129      0 0
  18  22  23  26  27  29  31
  22485  7   5031      0 0
  18  22  23  26  28  29  30
  22344  7   4801      0 0
  18  22  23  26  28  29  31
  25176  5   5221      0 0
  18  22  23  26  29
  29973  8   1651      0 0
  19  21  24  25  27  28  30  31
  30765  7   1436      0 0
  19  21  24  25  27  30  31
  32718  6   1723      0 0
  19  21  24  25  28  30
  32577  6   1619      0 0
  19  21  24  25  28  31
  33510  5   1500      0 0
  19  21  24  25  30
  34875  7   1670      0 0
  19  21  25  27  28  30  31
  35667  6   1453      0 0
  19  21  25  27  30  31
  37479  5   1636      0 0
  19  21  25  28  31
  26913  8   2200      0 0
  19  23  24  26  27  28  30  31
  29658  6   2236      0 0
  19  23  24  26  27  31
  29514  6   2184      0 0
  19  23  24  26  28  31
  33825  7   2611      0 0
  19  24  25  27  28  30  31
  34614  6   2441      0 0
  19  24  25  27  30  31
  36570  5   2649      0 0
  19  24  25  28  30
  36426  5   2594      0 0
  19  24  25  28  31
  37362  4   2475      0 0
  19  24  25  30
  13038  2   2409      0 0
  19  24
  14910  1   2431      0 0
  19
  16839 10   4845      0 0
  21  22  23  25  26  27  28  29  30  31
  19587  8   5071      0 0
  21  22  23  25  26  27  29  31
  19587  8   4941      0 0
  21  22  23  25  26  28  29  30
  19443  8   4743      0 0
  21  22  23  25  26  28  29  31
  22278  6   5143      0 0
  21  22  23  25  26  29
  18066  9   4878      0 0
  22  23  24  26  27  28  29  30  31
  20811  7   5100      0 0
  22  23  24  26  27  29  31
  20811  7   5002      0 0
  22  23  24  26  28  29  30
  20670  7   4772      0 0
  22  23  24  26  28  29  31
  23502  5   5196      0 0
  22  23  24  26  29
  20691  9   4894      0 0
  22  23  25  26  27  28  29  30  31
  23436  7   5114      0 0
  22  23  25  26  27  29  31
  23436  7   5016      0 0
  22  23  25  26  28  29  30
  23295  7   4786      0 0
  22  23  25  26  28  29  31
  26127  5   5208      0 0
  22  23  25  26  29
  24540  7   4815      0 0
  22  23  26  27  28  29  30
  27285  5   5045      0 0
  22  23  26  27  29
   6072  2   5562      0 0
  22  29
