       24      434     2332    35894 0.3589400e+05
   3222  8   2147      0 0
   1   2   3   9  13  15  17  24
   3448  7   2134      0 0
   1   2   3   9  13  15  24
   3178  6   2121      0 0
   1   2   3   9  14  24
   2750  6   6926      0 0
   1   2   3   9  14  24
   9500  1     64      0 0
   1
   9576  1    317      0 0
   2
   9478  1    676      0 0
   3
   2718  7   5868      0 0
   4   5   8   9  18  19  23
   1666  6   5893      0 0
   4   5   8   9  20  21
   2228  5   5881      0 0
   4   5   8   9  20
   2408  5   5856      0 0
   4   5   8   9  21
   2528  4   5846      0 0
   4   5   8   9
   2708  6   5532      0 0
   4   5  18  19  21  23
   3064  5   5925      0 0
   4   5  18  19  23
   2012  4   5946      0 0
   4   5  20  21
   2574  3   5936      0 0
   4   5  20
   2514  3   5522      0 0
   4   5  21
   1622  2   5958      0 0
   4   5
   9402  1     99      0 0
   4
   9390  1    810      0 0
   5
   3416  7   5747      0 0
   6   8   9  13  15  17  24
   1170  4   5836      0 0
   6   8   9  13
   2442  6   7793      0 0
   6  10  12  14  18  24
   3762  7   6707      0 0
   6  10  12  17  18  19  24
   3720  6   7885      0 0
   6  10  14  17  18  24
   3038  5   3721      0 0
   6  11  14  20  24
   3806  7   5415      0 0
   6  12  13  15  17  21  24
   2412  4   7206      0 0
   6  12  14  24
   2960  6   1110      0 0
   6  13  14  16  21  23
   3234  6   3933      0 0
   6  13  14  18  21  23
   3666  5   2196      0 0
   6  13  14  22  24
   3628  6   3637      0 0
   6  13  15  17  21  24
   3440  6   5351      0 0
   6  13  15  17  21  24
   3802  7   1095      0 0
   6  13  16  17  19  21  23
   3716  6   1082      0 0
   6  13  16  19  21  23
   1144  3   5512      0 0
   6  13  21
   1806  2   5091      0 0
   6  13
   3780  6   3660      0 0
   6  14  16  19  23  24
   3754  6   3684      0 0
   6  14  18  19  23  24
   2828  5   3707      0 0
   6  14  20  21  24
   3544  4   3625      0 0
   6  14  21  24
   2326  3   3697      0 0
   6  14  24
   2040  3   7026      0 0
   6  14  24
   3352  4   6441      0 0
   6  17  19  24
   3168  4   3673      0 0
   6  17  19  24
   3082  3   3651      0 0
   6  19  24
   9448  1    754      0 0
   6
   2918  6   2496      0 0
   7  11  14  20  22  24
   3760  7   2479      0 0
   7  11  17  19  20  22  24
   3668  6   2464      0 0
   7  11  19  20  22  24
   2660  6   1414      0 0
   7  13  15  16  17  23
   2886  5   1402      0 0
   7  13  15  16  23
   2936  6   4204      0 0
   7  13  15  17  18  23
   2792  8   3575      0 0
   7  13  15  17  20  21  22  24
   3822  7   3227      0 0
   7  13  15  17  20  22  24
   3536  7   2746      0 0
   7  13  15  17  21  22  24
   2854  6   2364      0 0
   7  13  15  17  22  24
   3168  5   4192      0 0
   7  13  15  18  23
   3018  7   3559      0 0
   7  13  15  20  21  22  24
   3762  6   2732      0 0
   7  13  15  21  22  24
   3170  5   2352      0 0
   7  13  15  22  24
   2708  6   2448      0 0
   7  14  20  21  22  24
   3738  5   2402      0 0
   7  14  20  22  24
   3386  5   1439      0 0
   7  16  17  19  23
   3300  4   1428      0 0
   7  16  19  23
   3660  5   4229      0 0
   7  17  18  19  23
   3518  7   3608      0 0
   7  17  19  20  21  22  24
   3044  5   2389      0 0
   7  17  19  22  24
   3576  4   4218      0 0
   7  18  19  23
   3426  6   3593      0 0
   7  19  20  21  22  24
   2958  4   2378      0 0
   7  19  22  24
     76  1    838      0 0
   7
   2224  7   1172      0 0
   8   9  13  15  16  17  23
   1996  7   5669      0 0
   8   9  13  15  16  17  23
    612  6   5645      0 0
   8   9  13  15  16  23
   2450  6   1160      0 0
   8   9  13  15  16  23
   2570  6   5657      0 0
   8   9  13  15  16  23
   1996  7   5761      0 0
   8   9  13  15  17  18  23
   2498  7   3995      0 0
   8   9  13  15  17  18  23
   2356  9   3353      0 0
   8   9  13  15  17  20  21  22  24
   1324  9   5729      0 0
   8   9  13  15  17  20  21  22  24
   1890  8   5713      0 0
   8   9  13  15  17  20  22  24
   3386  8   3105      0 0
   8   9  13  15  17  20  22  24
   2066  8   5697      0 0
   8   9  13  15  17  21  22  24
   3098  8   2582      0 0
   8   9  13  15  17  21  22  24
   2170  7   5683      0 0
   8   9  13  15  17  22  24
   1998  7   2282      0 0
   8   9  13  15  17  22  24
   2730  6   3983      0 0
   8   9  13  15  18  23
   2566  6   5633      0 0
   8   9  13  15  18  23
   1906  8   5617      0 0
   8   9  13  15  20  21  22  24
   2582  8   3337      0 0
   8   9  13  15  20  21  22  24
   3612  7   3091      0 0
   8   9  13  15  20  22  24
   2474  7   5603      0 0
   8   9  13  15  20  22  24
   3324  7   2568      0 0
   8   9  13  15  21  22  24
   2650  7   5589      0 0
   8   9  13  15  21  22  24
   2314  6   2270      0 0
   8   9  13  15  22  24
   2754  6   5577      0 0
   8   9  13  15  22  24
   2416  7   5797      0 0
   8   9  13  18  19  22  23
   1322  6   5822      0 0
   8   9  13  20  21  22
   1884  5   5810      0 0
   8   9  13  20  22
   2066  5   5785      0 0
   8   9  13  21  22
   2170  4   5775      0 0
   8   9  13  22
   2180  5   1148      0 0
   8   9  14  16  23
   2454  5   3971      0 0
   8   9  14  18  23
   2312  7   3321      0 0
   8   9  14  20  21  22  24
   3342  6   3077      0 0
   8   9  14  20  22  24
   3054  6   2554      0 0
   8   9  14  21  22  24
   1874  5   2258      0 0
   8   9  14  22  24
   3020  6   1135      0 0
   8   9  16  17  19  23
   2934  5   1124      0 0
   8   9  16  19  23
   3296  6   3958      0 0
   8   9  17  18  19  23
   3152  8   3304      0 0
   8   9  17  19  20  21  22  24
   2680  6   2245      0 0
   8   9  17  19  22  24
   3210  5   3947      0 0
   8   9  18  19  23
   3062  7   3289      0 0
   8   9  19  20  21  22  24
   2594  5   2234      0 0
   8   9  19  22  24
    150  2   5557      0 0
   8   9
   9790  1    747      0 0
   8
   9602  1    411      0 0
   9
   2966  7   1835      0 0
  10  11  16  18  19  20  23
   3642  6   1305      0 0
  10  11  16  18  19  23
   3800  8   3478      0 0
  10  11  16  19  20  21  22  24
   3774  8   3512      0 0
  10  11  18  19  20  21  22  24
   1278  7   7777      0 0
  10  12  14  18  20  22  24
   1928  6   7763      0 0
  10  12  14  18  22  24
   2346  7   6568      0 0
  10  12  16  17  18  19  23
   2904  6   6117      0 0
  10  12  16  18  19  23
   2890  6   6165      0 0
  10  12  16  18  19  23
   2282  8   6298      0 0
  10  12  16  19  20  21  22  24
   2848  7   6283      0 0
  10  12  16  19  20  22  24
   3024  7   6268      0 0
  10  12  16  19  21  22  24
   3128  6   6255      0 0
  10  12  16  19  22  24
   1724  9   6688      0 0
  10  12  17  18  19  20  21  22  24
   2242  8   6671      0 0
  10  12  17  18  19  20  22  24
   2418  8   6654      0 0
  10  12  17  18  19  21  22  24
   2522  7   6639      0 0
  10  12  17  18  19  22  24
   2218  8   6221      0 0
  10  12  18  19  20  21  22  24
   2786  7   6206      0 0
  10  12  18  19  20  22  24
   2962  7   6191      0 0
  10  12  18  19  21  22  24
   3066  6   6178      0 0
  10  12  18  19  22  24
   2070  8   5461      0 0
  10  13  15  16  17  18  21  23
   2424  7   5026      0 0
  10  13  15  16  17  18  23
   2982  7   3905      0 0
  10  13  15  16  18  21  23
   2624  7   5252      0 0
  10  13  15  16  18  21  23
   2978  6   4807      0 0
  10  13  15  16  18  23
   3864  8   3045      0 0
  10  13  15  16  20  21  22  24
   3408  6   2172      0 0
  10  13  15  16  22  24
   2306  6   7807      0 0
  10  14  16  17  18  23
    666  5   7695      0 0
  10  14  16  18  23
   1974  8   7867      0 0
  10  14  17  18  20  21  22  24
   2196  7   7851      0 0
  10  14  17  18  20  22  24
   2376  7   7835      0 0
  10  14  17  18  21  22  24
   2606  6   7821      0 0
  10  14  17  18  22  24
   2236  7   7747      0 0
  10  14  18  20  21  22  24
   2798  6   7733      0 0
  10  14  18  20  22  24
   2980  6   7719      0 0
  10  14  18  21  22  24
   3084  5   7707      0 0
  10  14  18  22  24
   3464  7   1962      0 0
  10  15  16  18  19  23  24
   2038  4   1886      0 0
  10  15  16  24
   1980  6   6594      0 0
  10  16  17  18  19  23
   3560  8   6328      0 0
  10  16  17  19  20  21  22  24
   2756  7   1604      0 0
  10  16  18  19  20  21  23
   3472  6    942      0 0
  10  16  18  19  21  23
   2562  5   6722      0 0
  10  16  18  19  23
   2256  5   1226      0 0
  10  16  18  19  23
   2524  5   6154      0 0
  10  16  18  19  23
   2408  7   3384      0 0
  10  16  19  20  21  22  24
   3440  6   3132      0 0
  10  16  19  20  22  24
   3152  6   2609      0 0
  10  16  19  21  22  24
    830  2    888      0 0
  10  16
   3496  8   6238      0 0
  10  17  18  19  20  21  22  24
   2382  7   3431      0 0
  10  18  19  20  21  22  24
   3414  6   3173      0 0
  10  18  19  20  22  24
   3126  6   2650      0 0
  10  18  19  21  22  24
   1882  5   2867      0 0
  10  18  19  22  24
    120  2   4626      0 0
  10  18
   9532  1    597      0 0
  10
   2422  8   1789      0 0
  11  13  15  16  17  20  21  23
   3470  7   1709      0 0
  11  13  15  16  17  20  23
   3098  7   1265      0 0
  11  13  15  16  17  21  23
   2648  7   1773      0 0
  11  13  15  16  20  21  23
   3696  6   1695      0 0
  11  13  15  16  20  23
   3324  6   1251      0 0
  11  13  15  16  21  23
   2696  8   4537      0 0
  11  13  15  17  18  20  21  23
   3744  7   4457      0 0
  11  13  15  17  18  20  23
   3374  7   4068      0 0
  11  13  15  17  18  21  23
   2928  7   4521      0 0
  11  13  15  18  20  21  23
   3606  6   4054      0 0
  11  13  15  18  21  23
   2328  7   2095      0 0
  11  14  15  16  20  23  24
   3006  6   1975      0 0
  11  14  15  16  23  24
   2298  6   1376      0 0
  11  14  16  20  21  23
   2298  6   1651      0 0
  11  14  16  20  21  23
   1116  5   1850      0 0
  11  14  16  20  23
   3328  5   1330      0 0
  11  14  16  20  23
   3014  5   1237      0 0
  11  14  16  21  23
   1792  4   1318      0 0
  11  14  16  23
   2174  8   3000      0 0
  11  14  18  19  20  22  23  24
   2850  7   2940      0 0
  11  14  18  19  22  23  24
   2572  6   4413      0 0
  11  14  18  20  21  23
   1396  5   4598      0 0
  11  14  18  20  23
   3602  5   4296      0 0
  11  14  18  20  23
   3290  5   4040      0 0
  11  14  18  21  23
   2072  4   4108      0 0
  11  14  18  23
   1924  6   3529      0 0
  11  14  20  21  22  24
   2954  5   3201      0 0
  11  14  20  22  24
   2668  5   2706      0 0
  11  14  21  22  24
   3170  8   2078      0 0
  11  15  16  17  19  20  23  24
   3078  7   2063      0 0
  11  15  16  19  20  23  24
   3138  7   1634      0 0
  11  16  17  19  20  21  23
   3178  7   1740      0 0
  11  16  17  19  20  21  23
   1956  6   1820      0 0
  11  16  17  19  20  23
   2634  5   1292      0 0
  11  16  17  19  23
   3052  6   1344      0 0
  11  16  19  20  21  23
   1870  5   1807      0 0
  11  16  19  20  23
   2548  4   1281      0 0
  11  16  19  23
   3414  7   4149      0 0
  11  17  18  19  20  21  23
   2236  6   4583      0 0
  11  17  18  19  20  23
   2914  5   4095      0 0
  11  17  18  19  23
   2766  7   3495      0 0
  11  17  19  20  21  22  24
   3508  6   2691      0 0
  11  17  19  21  22  24
   3328  6   4134      0 0
  11  18  19  20  21  23
   2152  5   4555      0 0
  11  18  19  20  23
   2828  4   4084      0 0
  11  18  19  23
   2680  6   3463      0 0
  11  19  20  21  22  24
   3422  5   2678      0 0
  11  19  21  22  24
    300  2   7925      0 0
  11  20
    472  1    604      0 0
  11
   2392  7   5365      0 0
  12  13  15  16  17  21  23
   2746  6   4922      0 0
  12  13  15  16  17  23
   2974  6   5168      0 0
  12  13  15  16  21  23
   3330  5   4705      0 0
  12  13  15  16  23
   2392  7   5431      0 0
  12  13  15  17  18  21  23
   2746  6   5000      0 0
  12  13  15  17  18  23
   2110  8   4982      0 0
  12  13  15  17  20  21  22  24
   2642  7   4966      0 0
  12  13  15  17  20  22  24
   2566  7   5381      0 0
  12  13  15  17  21  22  24
   2922  6   4936      0 0
  12  13  15  17  22  24
   2974  6   5212      0 0
  12  13  15  18  21  23
   3330  5   4773      0 0
  12  13  15  18  23
   2658  7   4757      0 0
  12  13  15  20  21  22  24
   3224  6   4743      0 0
  12  13  15  20  22  24
   3150  6   5182      0 0
  12  13  15  21  22  24
   3504  5   4717      0 0
  12  13  15  22  24
   1572  6   7121      0 0
  12  14  15  16  23  24
   2640  5   7274      0 0
  12  14  16  17  23
    992  4   7109      0 0
  12  14  16  23
   2640  5   7633      0 0
  12  14  17  18  23
   1968  7   7334      0 0
  12  14  17  20  21  22  24
   2530  6   7318      0 0
  12  14  17  20  22  24
   2712  6   7302      0 0
  12  14  17  21  22  24
   2816  5   7569      0 0
  12  14  17  22  24
   1418  7   7161      0 0
  12  14  18  19  22  23  24
    992  4   7366      0 0
  12  14  18  23
   1100  6   7190      0 0
  12  14  20  21  22  24
   1082  5   7176      0 0
  12  14  20  22  24
   1428  5   7147      0 0
  12  14  21  22  24
   1732  4   7135      0 0
  12  14  22  24
   3418  4   7218      0 0
  12  14  22  24
   2878  7   6480      0 0
  12  15  16  17  19  23  24
   3436  6   6041      0 0
  12  15  16  19  23  24
   2302  5   6467      0 0
  12  16  17  19  23
   2860  4   6030      0 0
  12  16  19  23
   2302  5   6555      0 0
  12  17  18  19  23
   1630  7   6538      0 0
  12  17  19  20  21  22  24
   2192  6   6523      0 0
  12  17  19  20  22  24
   2374  6   6508      0 0
  12  17  19  21  22  24
   2472  5   6495      0 0
  12  17  19  22  24
   2860  4   6106      0 0
  12  18  19  23
   2188  6   6091      0 0
  12  19  20  21  22  24
   2750  5   6078      0 0
  12  19  20  22  24
   2930  5   6065      0 0
  12  19  21  22  24
   3030  4   6054      0 0
  12  19  22  24
     70  1    309      0 0
  12
   3242  7   1480      0 0
  13  15  16  17  20  21  23
   1706  6   1055      0 0
  13  15  16  17  21  23
   2026  6   5290      0 0
  13  15  16  17  21  23
   2380  5   4839      0 0
  13  15  16  17  23
   2754  5    906      0 0
  13  15  16  17  23
   3468  6   1466      0 0
  13  15  16  20  21  23
   1938  5   1043      0 0
  13  15  16  21  23
   2600  5   5278      0 0
  13  15  16  21  23
    566  5   5266      0 0
  13  15  16  21  23
   1246  4   4819      0 0
  13  15  16  23
   2986  4    896      0 0
  13  15  16  23
   2950  4   4634      0 0
  13  15  16  23
   2764  9   2923      0 0
  13  15  17  18  19  21  22  23  24
   2446  9   5318      0 0
  13  15  17  18  19  21  22  23  24
   2802  8   4877      0 0
  13  15  17  18  19  22  23  24
   3812  8   2878      0 0
  13  15  17  18  19  22  23  24
   3516  7   4256      0 0
  13  15  17  18  20  21  23
   1986  6   3919      0 0
  13  15  17  18  21  23
   2026  6   5447      0 0
  13  15  17  18  21  23
   2380  5   5014      0 0
  13  15  17  18  23
   3034  5   3769      0 0
  13  15  17  18  23
   1954  7   4906      0 0
  13  15  17  20  21  22  24
   2886  7   3273      0 0
  13  15  17  20  21  22  24
   1916  7   5335      0 0
  13  15  17  20  21  22  24
   2868  7   3061      0 0
  13  15  17  20  21  22  24
   2270  6   4892      0 0
  13  15  17  20  22  24
   2196  6   5304      0 0
  13  15  17  21  22  24
   3602  6   2220      0 0
  13  15  17  21  22  24
   2638  5   2184      0 0
  13  15  17  22  24
   2586  5   4851      0 0
  13  15  17  22  24
   3030  8   5139      0 0
  13  15  18  19  21  22  23  24
   2990  8   2908      0 0
  13  15  18  19  21  22  23  24
   3384  7   4666      0 0
  13  15  18  19  22  23  24
   2214  5   3893      0 0
  13  15  18  21  23
   2596  5   5226      0 0
  13  15  18  21  23
   3262  4   3759      0 0
  13  15  18  23
   2950  4   4785      0 0
  13  15  18  23
   2498  6   5154      0 0
  13  15  20  21  22  24
   3118  6   3243      0 0
  13  15  20  21  22  24
   2296  6   4691      0 0
  13  15  20  21  22  24
   3100  6   3031      0 0
  13  15  20  21  22  24
   2854  5   4679      0 0
  13  15  20  22  24
   2778  5   5127      0 0
  13  15  21  22  24
   2954  4   2162      0 0
  13  15  22  24
   3138  4   4644      0 0
  13  15  22  24
   3716  6   1069      0 0
  13  16  19  21  22  23
   2446  6   5487      0 0
  13  18  19  21  22  23
   2800  5   5058      0 0
  13  18  19  22  23
   1708  4   5079      0 0
  13  20  21  22
   2270  3   5069      0 0
  13  20  22
   2194  3   5477      0 0
  13  21  22
   1286  2   5099      0 0
  13  22
   9432  1    803      0 0
  13
   2850  6   7470      0 0
  14  15  16  17  23  24
   2118  7   2047      0 0
  14  15  16  20  21  23  24
   3148  6   2001      0 0
  14  15  16  20  23  24
   2836  6   1924      0 0
  14  15  16  21  23  24
   1202  5   6886      0 0
  14  15  16  23  24
   1614  5   1989      0 0
  14  15  16  23  24
   2890  6   6912      0 0
  14  15  17  18  23  24
   3460  5   6874      0 0
  14  15  18  23  24
   2270  4   7458      0 0
  14  16  17  23
   1990  8   3399      0 0
  14  16  19  20  21  22  23  24
   3022  7   3145      0 0
  14  16  19  20  22  23  24
   2732  7   2622      0 0
  14  16  19  21  22  23  24
   3754  6   2305      0 0
  14  16  19  22  23  24
   3266  6   6961      0 0
  14  16  19  22  23  24
    906  5   1667      0 0
  14  16  20  21  23
   1936  4   1534      0 0
  14  16  20  23
   1622  4    969      0 0
  14  16  21  23
    626  3   6852      0 0
  14  16  23
    456  3   1392      0 0
  14  16  23
   2696  7   7510      0 0
  14  17  18  19  22  23  24
   2270  4   7647      0 0
  14  17  18  23
   1778  6   7539      0 0
  14  17  20  21  22  24
   2164  5   7525      0 0
  14  17  20  22  24
   2340  5   7496      0 0
  14  17  21  22  24
   2444  4   7484      0 0
  14  17  22  24
   1964  8   2983      0 0
  14  18  19  20  21  22  23  24
   2994  7   2968      0 0
  14  18  19  20  22  23  24
   2680  7   2893      0 0
  14  18  19  21  22  23  24
   1196  6   6987      0 0
  14  18  19  22  23  24
   1458  6   2955      0 0
  14  18  19  22  23  24
   3298  6   7070      0 0
  14  18  19  22  23  24
   3728  6   2329      0 0
  14  18  19  22  23  24
   1186  5   4429      0 0
  14  18  20  21  23
   3432  5   3831      0 0
  14  18  20  21  23
   2216  4   4310      0 0
  14  18  20  23
   1902  4   3819      0 0
  14  18  21  23
    612  3   7685      0 0
  14  18  23
    686  3   4182      0 0
  14  18  23
    972  5   3545      0 0
  14  20  21  22  24
    944  5   7012      0 0
  14  20  21  22  24
    926  4   7000      0 0
  14  20  22  24
   1568  4   3215      0 0
  14  20  22  24
   1300  4   2720      0 0
  14  21  22  24
   1272  4   6949      0 0
  14  21  22  24
   3518  4   2208      0 0
  14  21  22  24
   1576  3   6939      0 0
  14  22  24
   2300  3   2342      0 0
  14  22  24
  10672  1    425      0 0
  14
   2960  8   2030      0 0
  15  16  17  19  20  21  23  24
   3676  7   1909      0 0
  15  16  17  19  21  23  24
   2512  6   6376      0 0
  15  16  17  19  23  24
   2454  6   1949      0 0
  15  16  17  19  23  24
   2868  7   2015      0 0
  15  16  19  20  21  23  24
   3586  6   1896      0 0
  15  16  19  21  23  24
   2368  5   1938      0 0
  15  16  19  23  24
   3070  5   5975      0 0
  15  16  19  23  24
   1042  3   2111      0 0
  15  17  24
   1274  2   1878      0 0
  15  24
   9510  1    374      0 0
  15
   1746  6   1589      0 0
  16  17  19  20  21  23
   2778  5   1507      0 0
  16  17  19  20  23
   2464  5    929      0 0
  16  17  19  21  23
   1932  4   6365      0 0
  16  17  19  23
   1246  4   1204      0 0
  16  17  19  23
   1660  5   1576      0 0
  16  19  20  21  23
   2692  4   1496      0 0
  16  19  20  23
   2378  4    918      0 0
  16  19  21  23
   1160  3   1186      0 0
  16  19  23
    352  3   6356      0 0
  16  19  23
   2476  3   5966      0 0
  16  19  23
   9584  1    548      0 0
  16
   2026  6   4366      0 0
  17  18  19  20  21  23
   3058  5   4283      0 0
  17  18  19  20  23
   2744  5   3792      0 0
  17  18  19  21  23
   1526  4   4029      0 0
  17  18  19  23
   1932  4   6583      0 0
  17  18  19  23
   1360  6   6426      0 0
  17  19  20  21  22  24
   1378  6   3416      0 0
  17  19  20  21  22  24
   3452  6   6130      0 0
  17  19  20  21  22  24
   2410  5   3160      0 0
  17  19  20  22  24
   1826  5   6413      0 0
  17  19  20  22  24
   2122  5   2637      0 0
  17  19  21  22  24
   2002  5   6400      0 0
  17  19  21  22  24
   2106  4   6389      0 0
  17  19  22  24
   3144  4   2318      0 0
  17  19  22  24
    720  1    533      0 0
  17
   1942  5   4338      0 0
  18  19  20  21  23
   2974  4   4272      0 0
  18  19  20  23
   2658  4   3781      0 0
  18  19  21  23
    326  3   6823      0 0
  18  19  23
   1436  3   4009      0 0
  18  19  23
   2476  3   6145      0 0
  18  19  23
   9584  1    367      0 0
  18
   1816  5   6017      0 0
  19  20  21  22  24
   1642  5   3371      0 0
  19  20  21  22  24
   2324  4   3121      0 0
  19  20  22  24
   2384  4   6006      0 0
  19  20  22  24
   2036  4   2598      0 0
  19  21  22  24
   2560  4   5995      0 0
  19  21  22  24
    912  3   2858      0 0
  19  22  24
   2664  3   5986      0 0
  19  22  24
   9440  1    295      0 0
  19
     74  2   7915      0 0
  20  21
    616  1    287      0 0
  20
    304  1   5107      0 0
  21
   9440  1     29      0 0
  22
   9662  1    440      0 0
  23
   9492  1    171      0 0
  24
