       19      404 12345678 12345678 0.123457E+01
   5268  4   6222      0 0
   1   4   7  12
   5445  4   6164      0 0
   1   4   9  12
   6204  4   6004      0 0
   1   5  11  17
   3474  6   6251      0 0
   1   7   8  16  17  19
   5055  4   6268      0 0
   1   7  12  18
   3333  4   6282      0 0
   1   7  13  18
   4308  5   6236      0 0
   1   7  16  17  19
   2565  2    453      0 0
   1   7
   3648  6   6193      0 0
   1   8   9  16  17  19
   4377  4   6124      0 0
   1   9  13  18
   3111  3   6058      0 0
   1   9  14
   4482  5   6178      0 0
   1   9  16  17  19
   2775  2   6152      0 0
   1   9
   5550  4   6030      0 0
   1  12  14  18
   5637  4   6084      0 0
   1  12  15  18
   5232  3   6072      0 0
   1  12  18
   3825  4   6044      0 0
   1  13  14  18
   3519  3   6098      0 0
   1  13  18
   2637  2   6018      0 0
   1  14
   2913  1   5994      0 0
   1
   4695  6   9240      0 0
   2   3   5  10  13  18
   3399  5   9207      0 0
   2   3   5  10  14
   3093  4    505      0 0
   2   3   5  10
   3018  5   6512      0 0
   2   3   7  10  19
   4017  6   6497      0 0
   2   3   7  16  17  19
   3750  6   9286      0 0
   2   3   8   9  10  19
   5541  5   2231      0 0
   2   3   8  10  19
   5583  5   9148      0 0
   2   3   9  10  19
   5454  5   9256      0 0
   2   3   9  10  19
   3168  5   5834      0 0
   2   3   9  10  19
   1389  5   9271      0 0
   2   3   9  10  19
   4170  6   5819      0 0
   2   3   9  16  17  19
   3666  7   9131      0 0
   2   3  10  12  15  18  19
   4848  6   2020      0 0
   2   3  10  12  18  19
   3756  6   2035      0 0
   2   3  10  13  18  19
   3054  5   2005      0 0
   2   3  10  14  19
   3207  5    982      0 0
   2   3  10  15  19
   3216  4   1992      0 0
   2   3  10  19
   5271  5   1966      0 0
   2   3  11  17  19
   3678  6    967      0 0
   2   3  15  16  17  19
   2946  5   1979      0 0
   2   3  16  17  19
    696  2   9108      0 0
   2   3
   5868  7    575      0 0
   2   4  12  15  16  17  19
   5610  7   4992      0 0
   2   7  13  16  17  18  19
   4362  5   6484      0 0
   2   7  16  17  19
   5931  8   5329      0 0
   2   8  12  15  16  17  18  19
   5787  7   4885      0 0
   2   9  13  16  17  18  19
   4542  6   4415      0 0
   2   9  14  16  17  19
   4524  5   5806      0 0
   2   9  16  17  19
   5874  5   1942      0 0
   2  11  14  17  19
   5616  4   1931      0 0
   2  11  17  19
   4032  5    954      0 0
   2  15  16  17  19
   3291  4   1955      0 0
   2  16  17  19
    510  1   9100      0 0
   2
   4092  5   3385      0 0
   3   5   6  10  11
   5091  6   3371      0 0
   3   5   6  11  16  17
   4857  4   3283      0 0
   3   5   9  10
   5562  5   3269      0 0
   3   5  10  13  18
   4593  4   9353      0 0
   3   5  10  14
   4965  4   9627      0 0
   3   5  10  14
   5628  6   2536      0 0
   3   5  10  16  17  19
   4284  3   9341      0 0
   3   5  10
   5358  5   7533      0 0
   3   5  11  14  17
   5049  4   7468      0 0
   3   5  11  17
   6432  6   8531      0 0
   3   5  12  16  17  18
   5418  5   8174      0 0
   3   5  14  16  17
   5109  4   7967      0 0
   3   5  16  17
   3810  6   9426      0 0
   3   7  10  13  18  19
   5157  4   6540      0 0
   3   7  10  19
   6156  5   6527      0 0
   3   7  16  17  19
   4554  5   9454      0 0
   3   8   9  10  19
   3984  6   9411      0 0
   3   9  10  13  18  19
   2718  5   9367      0 0
   3   9  10  14  19
   2403  4   9441      0 0
   3   9  10  19
   6309  5   5849      0 0
   3   9  16  17  19
   3123  6   5228      0 0
   3  10  12  15  18  19
   5265  5   2100      0 0
   3  10  13  18  19
   4383  4   2087      0 0
   3  10  14  19
   4815  4   1010      0 0
   3  10  15  19
   4086  3   2076      0 0
   3  10  19
   4122  7   5213      0 0
   3  12  15  16  17  18  19
   5817  5    997      0 0
   3  15  16  17  19
   5085  4   2065      0 0
   3  16  17  19
   1209  1   9318      0 0
   3
   4065  7   3845      0 0
   4   6   7  11  12  13  18
   3654  6   6387      0 0
   4   6   7  11  12  15
   5655  6   6373      0 0
   4   6   7  12  15  16
   4239  7   3775      0 0
   4   6   9  11  12  13  18
   3183  6   3549      0 0
   4   6   9  11  12  14
   3816  6   5721      0 0
   4   6   9  11  12  15
   5808  6   5707      0 0
   4   6   9  12  15  16
   3531  7    716      0 0
   4   6  11  12  13  15  18
   2826  6    702      0 0
   4   6  11  12  14  15
   2727  5    690      0 0
   4   6  11  12  15
   4371  5    678      0 0
   4   6  12  15  16
   4089  8   6341      0 0
   4   7   8  12  15  16  17  19
   6057  7    795      0 0
   4   7   8  13  16  17  19
   4692  6   6893      0 0
   4   7   9  12  13  18
   4611  7   2979      0 0
   4   7  10  12  13  18  19
   3921  6   6358      0 0
   4   7  10  12  15  19
   4674  6   4270      0 0
   4   7  12  13  14  18
   4428  6   5115      0 0
   4   7  12  13  15  18
   4344  5   4940      0 0
   4   7  12  13  18
   4392  7   8973      0 0
   4   7  12  15  16  17  19
   3495  4   6314      0 0
   4   7  12  15
   3102  3   6304      0 0
   4   7  12
   6495  4   6411      0 0
   4   7  13  14
   6120  4    870      0 0
   4   7  13  15
   5148  3    785      0 0
   4   7  13
   4239  8   5675      0 0
   4   8   9  12  15  16  17  19
   6231  7    770      0 0
   4   8   9  13  16  17  19
   5127  7    590      0 0
   4   8  11  12  15  17  19
   6432  7   7046      0 0
   4   8  12  15  16  17  19
   2802  7    605      0 0
   4   8  12  15  16  17  19
   4785  7   2951      0 0
   4   9  10  12  13  18  19
   3519  6   2728      0 0
   4   9  10  12  14  19
   3606  6   3068      0 0
   4   9  10  12  15  19
   3111  6    663      0 0
   4   9  10  12  15  19
   3201  5   3055      0 0
   4   9  10  12  19
   5874  5   3083      0 0
   4   9  10  13  19
   4848  6   4212      0 0
   4   9  12  13  14  18
   4626  6   5101      0 0
   4   9  12  13  15  18
   4518  5   4833      0 0
   4   9  12  13  18
   3678  5   4348      0 0
   4   9  12  14  15
   3273  4   4336      0 0
   4   9  12  14
   4566  7   8854      0 0
   4   9  12  15  16  17  19
   3657  4   5648      0 0
   4   9  12  15
   3255  3   5638      0 0
   4   9  12
   5694  4    748      0 0
   4   9  13  14
   6321  4    858      0 0
   4   9  13  15
   5349  3    760      0 0
   4   9  13
   3813  7    648      0 0
   4  10  12  13  15  18  19
   2943  6    633      0 0
   4  10  12  14  15  19
   3036  5    620      0 0
   4  10  12  15  19
   5961  6    549      0 0
   4  11  12  15  17  19
   4488  6   5087      0 0
   4  12  13  14  15  18
   3768  5   5075      0 0
   4  12  13  15  18
   3639  6    562      0 0
   4  12  15  16  17  19
   2541  3    539      0 0
   4  12  15
   2367  2    531      0 0
   4  12
   6180  4    846      0 0
   4  13  14  15
   5220  3    738      0 0
   4  13  14
   5460  3    836      0 0
   4  13  15
   4491  2    730      0 0
   4  13
   5889  6   3321      0 0
   5   6   8  11  16  17
   5994  4   3347      0 0
   5   6  10  11
   5547  7   8545      0 0
   5   6  11  12  16  17  18
   5844  7   8077      0 0
   5   6  11  13  16  17  18
   4548  6   8033      0 0
   5   6  11  14  16  17
   5754  6   7865      0 0
   5   6  11  15  16  17
   5382  5   3335      0 0
   5   6  11  16  17
   4242  5   8007      0 0
   5   6  11  16  17
   5454  6   6817      0 0
   5   7  11  13  17  18
   5112  6   9027      0 0
   5   7  13  16  17  18
   5985  6   2452      0 0
   5   8  10  16  17  19
   6015  5   6972      0 0
   5   8  11  14  17
   5709  4   6960      0 0
   5   8  11  17
   5778  5   3965      0 0
   5   8  14  16  17
   5700  6   3203      0 0
   5   9  11  13  17  18
   4431  5   3163      0 0
   5   9  11  14  17
   5076  7   2521      0 0
   5  10  11  13  17  18  19
   4191  6   2506      0 0
   5  10  11  14  17  19
   4674  6   1259      0 0
   5  10  11  15  17  19
   3933  5   2493      0 0
   5  10  11  17  19
   5907  7   8504      0 0
   5  10  12  16  17  18  19
   5085  5   9834      0 0
   5  10  13  14  18
   6204  7   7942      0 0
   5  10  13  16  17  18  19
   5076  4   9808      0 0
   5  10  13  18
   4911  6   7927      0 0
   5  10  14  16  17  19
   6243  6   2588      0 0
   5  10  14  16  17  19
   4422  3   9615      0 0
   5  10  14
   6057  6   7850      0 0
   5  10  15  16  17  19
   6666  6   1244      0 0
   5  10  15  16  17  19
   5925  5   2467      0 0
   5  10  16  17  19
   4602  5   7899      0 0
   5  10  16  17  19
   4164  2   9541      0 0
   5  10
   5139  6   4027      0 0
   5  11  13  14  17  18
   5478  6   7562      0 0
   5  11  13  14  17  18
   4830  5   3177      0 0
   5  11  13  17  18
   3873  4   7521      0 0
   5  11  14  17
   4005  4   4015      0 0
   5  11  14  17
   3567  3   7458      0 0
   5  11  17
   5259  6   8559      0 0
   5  12  14  16  17  18
   6261  6   8672      0 0
   5  12  15  16  17  18
   4950  5   8519      0 0
   5  12  16  17  18
   5535  6   8367      0 0
   5  13  14  16  17  18
   5226  5   8355      0 0
   5  13  16  17  18
   3933  4   8162      0 0
   5  14  16  17
   4326  3   7957      0 0
   5  16  17
   2610  9   3874      0 0
   6   7   8  11  13  16  17  18  19
   3441  6   6783      0 0
   6   7  11  12  15  18
   2379  6   3511      0 0
   6   7  11  13  14  18
   3042  6   1746      0 0
   6   7  11  13  15  18
   3114  8   3859      0 0
   6   7  11  13  16  17  18  19
   2121  5   3833      0 0
   6   7  11  13  18
   6564  6   7994      0 0
   6   7  11  16  17  19
   5442  6   6769      0 0
   6   7  12  15  16  18
   2565  9   3804      0 0
   6   8   9  11  13  16  17  18  19
   3420  9   3661      0 0
   6   8  11  12  15  16  17  18  19
   2388  6   3497      0 0
   6   9  11  13  14  18
   2388  6    426      0 0
   6   9  11  13  14  18
   3051  6   1732      0 0
   6   9  11  13  15  18
   3288  8   3789      0 0
   6   9  11  13  16  17  18  19
   2130  5   3763      0 0
   6   9  11  13  18
   2904  5   1656      0 0
   6   9  11  14  15
   2370  7   3563      0 0
   6   9  11  14  16  17  19
   1983  4   3537      0 0
   6   9  11  14
   3255  7   3678      0 0
   6  10  11  12  15  18  19
   5523  7   2817      0 0
   6  10  12  15  16  18  19
   3489  6   5578      0 0
   6  11  12  14  15  18
   3522  6   4671      0 0
   6  11  12  14  15  18
   3147  6   3459      0 0
   6  11  12  14  15  18
   2742  5   3447      0 0
   6  11  12  14  18
   4257  8   3646      0 0
   6  11  12  15  16  17  18  19
   3231  5   5566      0 0
   6  11  12  15  18
   2829  5   3634      0 0
   6  11  12  15  18
   2424  4   3624      0 0
   6  11  12  18
   2973  6   1718      0 0
   6  11  13  14  15  18
   2052  5   3713      0 0
   6  11  13  14  18
   2580  5   3473      0 0
   6  11  13  14  18
   3243  5   1694      0 0
   6  11  13  15  18
   2322  4   3693      0 0
   6  11  13  18
   2541  4   1604      0 0
   6  11  14  15
   4221  3   3590      0 0
   6  11  14
   1620  3   3399      0 0
   6  11  14
   4923  3   1566      0 0
   6  11  15
   2442  3   1556      0 0
   6  11  15
   1521  2   3305      0 0
   6  11
   5598  6   4138      0 0
   6  12  14  15  16  18
   1539  5   5554      0 0
   6  12  15  16  18
   2565  3   1546      0 0
   6  15  16
   1644  2   3297      0 0
   6  16
   5520  6   9904      0 0
   7   8  10  13  18  19
   6483  7   6644      0 0
   7   8  11  12  17  18  19
   5223  7   7031      0 0
   7   8  11  13  17  18  19
   4359  7   2397      0 0
   7   8  11  13  17  18  19
   3888  6   6629      0 0
   7   8  11  14  17  19
   3630  5   6616      0 0
   7   8  11  17  19
   3873  8   6737      0 0
   7   8  12  15  16  17  18  19
   5076  7   7216      0 0
   7   8  12  16  17  18  19
   2886  8   4299      0 0
   7   8  13  14  16  17  18  19
   2736  7   5022      0 0
   7   8  13  16  17  18  19
   5622  5   6603      0 0
   7   8  16  17  19
   1437  5   6674      0 0
   7   8  16  17  19
   3753  5   7304      0 0
   7   8  16  17  19
   5607  4   9945      0 0
   7   9  10  19
   2370  5   6855      0 0
   7   9  13  14  18
   3213  7   9041      0 0
   7   9  13  16  17  18  19
   2025  4   6881      0 0
   7   9  13  18
   6105  5   8960      0 0
   7   9  16  17  19
   3708  6   6754      0 0
   7  10  12  15  18  19
   2475  6   2687      0 0
   7  10  13  14  18  19
   3087  6   1427      0 0
   7  10  13  15  18  19
   6303  5   2994      0 0
   7  10  13  18  19
   2217  5   2966      0 0
   7  10  13  18  19
   5787  4   9602      0 0
   7  10  14  19
   5481  3   9530      0 0
   7  10  19
   3399  7   7591      0 0
   7  11  13  14  17  18  19
   5595  6   6460      0 0
   7  11  13  17  18  19
   3093  6   7770      0 0
   7  11  13  17  18  19
   4722  5   6447      0 0
   7  11  14  17  19
   4464  4   6436      0 0
   7  11  17  19
   4179  7   9012      0 0
   7  12  15  16  17  18  19
   3282  4   6710      0 0
   7  12  15  18
   2943  6   8616      0 0
   7  12  16  17  18  19
   2889  3   6700      0 0
   7  12  18
   3459  7   8232      0 0
   7  13  14  16  17  18  19
   1896  4   6831      0 0
   7  13  14  18
   6282  4   6869      0 0
   7  13  14  18
   3150  6   8424      0 0
   7  13  16  17  18  19
   2250  3   4930      0 0
   7  13  18
   1776  3   6797      0 0
   7  13  18
   6249  5   8149      0 0
   7  14  16  17  19
   2142  4   6473      0 0
   7  16  17  19
   1611  4   8988      0 0
   7  16  17  19
    948  1   6296      0 0
   7
   5475  6   9876      0 0
   8   9  10  13  18  19
   5328  5   9726      0 0
   8   9  10  14  19
   5073  4   9984      0 0
   8   9  10  19
   4560  7   2382      0 0
   8   9  11  13  17  18  19
   3294  6   2311      0 0
   8   9  11  14  17  19
   3783  5   5925      0 0
   8   9  11  17  19
   5247  7   7201      0 0
   8   9  12  16  17  18  19
   3063  8   4241      0 0
   8   9  13  14  16  17  18  19
   2730  7   4915      0 0
   8   9  13  16  17  18  19
   5466  7   8409      0 0
   8   9  13  16  17  18  19
   2046  6   4488      0 0
   8   9  14  16  17  19
   4341  6   7113      0 0
   8   9  14  16  17  19
   5784  6   4528      0 0
   8   9  14  16  17  19
   3936  5   8880      0 0
   8   9  16  17  19
   1557  5   5968      0 0
   8   9  16  17  19
   5928  6   9504      0 0
   8  10  12  15  18  19
   2184  8   5376      0 0
   8  11  12  14  15  17  18  19
   5733  7   2281      0 0
   8  11  12  14  17  18  19
   6021  7   4574      0 0
   8  11  12  15  17  18  19
   6156  7   1138      0 0
   8  11  12  15  17  18  19
   2085  7   5361      0 0
   8  11  12  15  17  18  19
   5820  7   2339      0 0
   8  11  12  15  17  18  19
   5415  6   2326      0 0
   8  11  12  17  18  19
   4008  7   2296      0 0
   8  11  13  14  17  18  19
   4431  7   1153      0 0
   8  11  13  15  17  18  19
   3690  6   2354      0 0
   8  11  13  17  18  19
   3549  6   1123      0 0
   8  11  14  15  17  19
   2820  5   2268      0 0
   8  11  14  17  19
   3291  5   1110      0 0
   8  11  15  17  19
   2709  4   2257      0 0
   8  11  17  19
   4029  8   4106      0 0
   8  12  14  15  16  17  18  19
   1092  7   5408      0 0
   8  12  15  16  17  18  19
   3417  7   7246      0 0
   8  12  15  16  17  18  19
   3687  7   5423      0 0
   8  12  15  16  17  18  19
   3699  7   4589      0 0
   8  12  15  16  17  18  19
   3822  7   5453      0 0
   8  12  15  16  17  18  19
   3387  7   8742      0 0
   8  12  15  16  17  18  19
   4995  6   7188      0 0
   8  12  16  17  18  19
   2115  5   1168      0 0
   8  15  16  17  19
   5379  5   1181      0 0
   8  15  16  17  19
   1716  4   2412      0 0
   8  16  17  19
   4050  4   7888      0 0
   8  16  17  19
   4551  4   2246      0 0
   8  16  17  19
   4593  1   6922      0 0
   8
   4119  6   5539      0 0
   9  10  12  15  18  19
   3861  6   9930      0 0
   9  10  12  15  18  19
   2484  6   2672      0 0
   9  10  13  14  18  19
   3372  6   9670      0 0
   9  10  13  14  18  19
   3096  6   1412      0 0
   9  10  13  15  18  19
   2226  5   2938      0 0
   9  10  13  18  19
   2949  5   1330      0 0
   9  10  14  15  19
   2079  4   2715      0 0
   9  10  14  19
   5247  4   2780      0 0
   9  10  14  19
   2967  4   9713      0 0
   9  10  14  19
   5772  4   4430      0 0
   9  10  14  19
   2694  4   1455      0 0
   9  10  15  19
   5655  3   9519      0 0
   9  10  19
   1824  3   3044      0 0
   9  10  19
   3576  7   7576      0 0
   9  11  13  14  17  18  19
   3267  6   7742      0 0
   9  11  13  17  18  19
   2199  5   7619      0 0
   9  11  14  17  19
   4128  5   1859      0 0
   9  11  14  17  19
   4617  4   5758      0 0
   9  11  17  19
   3384  7   8573      0 0
   9  12  14  16  17  18  19
   4362  7   8826      0 0
   9  12  15  16  17  18  19
   3117  6   8588      0 0
   9  12  16  17  18  19
   3636  7   8217      0 0
   9  13  14  16  17  18  19
   3900  7   4791      0 0
   9  13  14  16  17  18  19
   2181  4   4200      0 0
   9  13  14  18
   3324  6   8396      0 0
   9  13  16  17  18  19
   2259  3   4823      0 0
   9  13  18
   2058  5   8260      0 0
   9  14  16  17  19
   6375  5   7332      0 0
   9  14  16  17  19
   2313  5   4402      0 0
   9  14  16  17  19
   1614  2   4326      0 0
   9  14
   1782  4   8869      0 0
   9  16  17  19
   1125  1   5630      0 0
   9
   3684  6   2631      0 0
  10  12  14  15  18  19
   3810  6   5481      0 0
  10  12  14  15  18  19
   3828  6   4617      0 0
  10  12  14  15  18  19
   3279  5   2618      0 0
  10  12  14  18  19
   3375  5   2804      0 0
  10  12  15  18  19
   3654  5   5511      0 0
  10  12  15  18  19
   2970  4   2793      0 0
  10  12  18  19
   3018  6   1397      0 0
  10  13  14  15  18  19
   2148  5   2884      0 0
  10  13  14  18  19
   6429  5   2183      0 0
  10  13  14  18  19
   2676  5   2646      0 0
  10  13  14  18  19
   5139  5   9795      0 0
  10  13  15  18  19
   3288  5   1371      0 0
  10  13  15  18  19
   5646  4   3007      0 0
  10  13  18  19
   2418  4   2847      0 0
  10  13  18  19
   5502  4   1345      0 0
  10  14  15  19
   5400  4   1287      0 0
  10  14  15  19
   2586  4   1274      0 0
  10  14  15  19
   1716  3   2551      0 0
  10  14  19
   2748  3   1207      0 0
  10  15  19
   5262  3   1023      0 0
  10  15  19
   1878  2   2434      0 0
  10  19
   2691  7   5185      0 0
  11  12  14  15  17  18  19
   2511  6   5172      0 0
  11  12  15  17  18  19
   4845  6   1846      0 0
  11  13  14  17  18  19
   4443  6   7688      0 0
  11  13  15  17  18  19
   4527  5   1872      0 0
  11  13  17  18  19
   4383  5    917      0 0
  11  14  15  17  19
   3654  4   1835      0 0
  11  14  17  19
   4125  4    906      0 0
  11  15  17  19
   3546  3   1826      0 0
  11  17  19
   4506  7   8121      0 0
  12  14  15  16  17  18  19
   4863  7   4091      0 0
  12  14  15  16  17  18  19
   3438  4   4079      0 0
  12  14  15  18
   3033  3   4069      0 0
  12  14  18
   1056  6   8716      0 0
  12  15  16  17  18  19
   4191  6   7345      0 0
  12  15  16  17  18  19
   4320  6   8452      0 0
  12  15  16  17  18  19
   1230  3   5055      0 0
  12  15  18
   3117  3   4551      0 0
  12  15  18
   2853  5   8480      0 0
  12  16  17  18  19
    156  2   5047      0 0
  12  18
   2178  3   4741      0 0
  13  14  18
   2211  3   4166      0 0
  13  14  18
   4650  6   8342      0 0
  13  15  16  17  18  19
   2451  2   4685      0 0
  13  18
   1251  1   3949      0 0
  14
   2100  4    943      0 0
  15  16  17  19
   2256  1    810      0 0
  15
   2112  3   1922      0 0
  16  17  19
   5388  3   1817      0 0
  16  17  19
