       25      577 12345678 12345678 0.123457E+01
   3274  5  16491      0 0
   1   8  18  19  21
   5648  6   4465      0 0
   1  11  18  21  22  25
   4416  6  16151      0 0
   1  11  18  23  24  25
   4124  4   4478      0 0
   1  11  18  25
   5448  6   1448      0 0
   1  12  18  21  22  25
   4494  6  15993      0 0
   1  12  18  23  24  25
   3960  4   2381      0 0
   1  12  18  25
   2614  6  11275      0 0
   1  14  15  16  18  21
   2946  4  12310      0 0
   1  14  18  21
   5090  7  11856      0 0
   1  15  16  18  21  23  24
   4194  7   9507      0 0
   1  15  16  20  23  24  25
   5002  5   4864      0 0
   1  15  16  20  25
   3678  5  11952      0 0
   1  15  16  23  24
   2028  7  15044      0 0
   1  17  18  19  21  23  24
   2302  5  13476      0 0
   1  17  18  19  21
   2614  5  15836      0 0
   1  18  21  23  24
   2684  3  14378      0 0
   1  18  21
   5026  5  10891      0 0
   1  20  23  24  25
   1156  1    213      0 0
   1
   5736  5   8006      0 0
   2   5  13  20  21
   4288  6   7408      0 0
   2   7  10  13  20  21
   5610  6  16234      0 0
   2   8  12  18  19  21
   5282  6  16222      0 0
   2   8  12  19  21  22
   4348  7  10700      0 0
   2   8  19  20  21  23  24
   5156  5   7114      0 0
   2   8  19  20  21
   3630  6   3292      0 0
   2  11  17  19  21  22
   4112  4   4236      0 0
   2  11  18  21
   4216  4   3418      0 0
   2  11  21  22
   2694  2   2400      0 0
   2  11
   4954  7  10936      0 0
   2  12  14  15  16  18  21
   4626  7  10922      0 0
   2  12  14  15  16  21  22
   5282  5  12002      0 0
   2  12  14  18  21
   4960  5  11990      0 0
   2  12  14  21  22
   4368  8  14801      0 0
   2  12  17  18  19  21  23  24
   4638  6  13207      0 0
   2  12  17  18  19  21
   4042  8  14787      0 0
   2  12  17  19  21  22  23  24
   4316  6  13195      0 0
   2  12  17  19  21  22
   3436  6   1195      0 0
   2  12  17  19  21  22
   5516  8  15338      0 0
   2  12  18  20  21  23  24  25
   5592  6  13771      0 0
   2  12  18  20  21  25
   4948  6  15326      0 0
   2  12  18  21  23  24
   3940  4   2139      0 0
   2  12  18  21
   5590  8  15311      0 0
   2  12  20  21  22  23  24  25
   5666  6  13748      0 0
   2  12  20  21  22  25
   4628  6  15285      0 0
   2  12  21  22  23  24
   4016  4   1321      0 0
   2  12  21  22
   1032  2   2392      0 0
   2  12
   3482  8   9618      0 0
   2  14  15  16  20  21  23  24
   4290  6   5016      0 0
   2  14  15  16  20  21
   4406  6   8318      0 0
   2  14  16  20  21  24
   4330  6   9856      0 0
   2  14  20  21  23  24
   5136  4   5810      0 0
   2  14  20  21
   4432  7   8778      0 0
   2  17  19  20  21  23  24
   4260  7  14815      0 0
   2  17  19  20  21  23  24
   4534  5  13219      0 0
   2  17  19  20  21
   4652  5  13794      0 0
   2  20  21  23  24
   4914  3  13784      0 0
   2  20  21
   2928  6  16412      0 0
   3   5   8  18  19  21
   5286  7   4188      0 0
   3   5  11  18  21  22  25
   4076  7  16110      0 0
   3   5  11  18  23  24  25
   3762  5   4201      0 0
   3   5  11  18  25
   5084  7   1424      0 0
   3   5  12  18  21  22  25
   4152  7  15952      0 0
   3   5  12  18  23  24  25
   3598  5   2104      0 0
   3   5  12  18  25
   2272  7  11184      0 0
   3   5  14  15  16  18  21
   2606  5  12231      0 0
   3   5  14  18  21
   4748  8  11827      0 0
   3   5  15  16  18  21  23  24
   3832  8   9285      0 0
   3   5  15  16  20  23  24  25
   4640  6   4574      0 0
   3   5  15  16  20  25
   3364  6  11512      0 0
   3   5  15  16  23  24
   1688  8  14970      0 0
   3   5  17  18  19  21  23  24
   1956  6  13397      0 0
   3   5  17  18  19  21
   6082  8  10603      0 0
   3   5  18  20  21  23  24  25
   6024  8   7008      0 0
   3   5  18  20  21  23  24  25
   2274  6  15742      0 0
   3   5  18  21  23  24
   2342  4  14285      0 0
   3   5  18  21
   4664  6  10146      0 0
   3   5  20  23  24  25
   5470  4   5991      0 0
   3   5  20  25
    804  2  13083      0 0
   3   5
   4788  5  13149      0 0
   3   6   7  23  24
   4754  3  13139      0 0
   3   6   7
   3450  5   4224      0 0
   3   6   9  11  18
   3286  5   2127      0 0
   3   6   9  12  18
   3520  8   9316      0 0
   3   6   9  15  16  20  23  24
   4328  6   4601      0 0
   3   6   9  15  16  20
   3570  6  13173      0 0
   3   6   9  20  23  24
   4442  6   8692      0 0
   3   6   9  20  23  24
   3890  4  13113      0 0
   3   6   9  20
   3832  4  13161      0 0
   3   6   9  20
   4918  6   4163      0 0
   3   7  10  11  18  25
   4748  6   2066      0 0
   3   7  10  12  18  25
   3056  4  13033      0 0
   3   7  10  14
   5236  7  11498      0 0
   3   7  10  15  16  23  24
   4146  7  15728      0 0
   3   7  10  18  21  23  24
   4216  5  14259      0 0
   3   7  10  18  21
   2710  5  13045      0 0
   3   7  10  23  24
   2676  3  13023      0 0
   3   7  10
   3954  5   4176      0 0
   3   9  10  11  18
   3790  5   2079      0 0
   3   9  10  12  18
   4024  8   9269      0 0
   3   9  10  15  16  20  23  24
   4832  6   4560      0 0
   3   9  10  15  16  20
   4074  6  13069      0 0
   3   9  10  20  23  24
   4336  4  13057      0 0
   3   9  10  20
   3654  7  10817      0 0
   4   5   8  20  23  24  25
   4462  5   7206      0 0
   4   5   8  20  25
   1550  3  16699      0 0
   4   5   8
   5458  6   3356      0 0
   4   5  11  17  22  25
   5258  6   1259      0 0
   4   5  12  17  22  25
   5242  7  11702      0 0
   4   5  15  16  17  23  24
   4284  7  15613      0 0
   4   5  17  21  22  23  24
   4354  5  14149      0 0
   4   5  17  21  22
   2768  5  15235      0 0
   4   5  17  23  24
   3036  3  13665      0 0
   4   5  17
   2830  5  16780      0 0
   4   6   7   8  14
   2490  6  16793      0 0
   4   6   7   8  23  24
   5146  6  16845      0 0
   4   6   7   8  23  24
   5112  4  16834      0 0
   4   6   7   8
   2514  4  16769      0 0
   4   6   7   8
   3732  6  15257      0 0
   4   6   7  17  23  24
   4000  4  13674      0 0
   4   6   7  17
   2434  6   4150      0 0
   4   6   8   9  11  18
   2514  6   2930      0 0
   4   6   8   9  11  22
   2428  6   2053      0 0
   4   6   8   9  12  18
   2476  6    833      0 0
   4   6   8   9  12  22
   2430  9   9490      0 0
   4   6   8   9  15  16  20  23  24
   3238  7   4849      0 0
   4   6   8   9  15  16  20
   3306  7   5700      0 0
   4   6   8   9  15  20  23
   3340  7  10876      0 0
   4   6   8   9  20  23  24
    822  7    102      0 0
   4   6   8   9  20  23  24
   1270  7  16923      0 0
   4   6   8   9  20  23  24
   4116  5  16806      0 0
   4   6   8   9  20
   1490  5   7244      0 0
   4   6   8   9  20
   2480  6   3368      0 0
   4   6   9  11  17  22
   2286  6   1271      0 0
   4   6   9  12  17  22
   3282  7   8880      0 0
   4   6   9  17  20  23  24
   2810  7  15270      0 0
   4   6   9  17  20  23  24
   3084  5  13698      0 0
   4   6   9  17  20
   3416  5  16645      0 0
   4   7   8  10  14
   3076  6  16658      0 0
   4   7   8  10  23  24
   3042  4  16634      0 0
   4   7   8  10
   4318  6  15222      0 0
   4   7  10  17  23  24
   4586  4  13641      0 0
   4   7  10  17
   3846  7  10802      0 0
   4   8   9  10  20  23  24
   4654  5   7193      0 0
   4   8   9  10  20
   4336  6   8111      0 0
   5   8  13  19  20  25
   2862  6  16310      0 0
   5   8  13  19  21  22
   5176  7   4353      0 0
   5  11  13  18  21  22  25
   4008  7  16032      0 0
   5  11  13  22  23  24  25
   3758  5   3130      0 0
   5  11  13  22  25
   4976  7   1020      0 0
   5  12  13  18  21  22  25
   4056  7  15874      0 0
   5  12  13  22  23  24  25
   3564  5   1033      0 0
   5  12  13  22  25
   3476  7   7991      0 0
   5  13  14  15  16  20  25
   2206  7  11038      0 0
   5  13  14  15  16  21  22
   2538  5  12090      0 0
   5  13  14  21  22
   4682  8  11755      0 0
   5  13  15  16  21  22  23  24
   6086  8   8552      0 0
   5  13  16  18  20  21  24  25
   6190  8   8537      0 0
   5  13  16  20  21  22  24  25
   4668  6   8567      0 0
   5  13  16  20  24  25
   3712  8   8033      0 0
   5  13  17  19  20  21  22  25
   1620  8  14869      0 0
   5  13  17  19  21  22  23  24
   1890  6  13295      0 0
   5  13  17  19  21  22
   5982  8  10047      0 0
   5  13  18  20  21  23  24  25
   4188  6   8076      0 0
   5  13  18  20  21  25
   6020  8   6857      0 0
   5  13  20  21  22  23  24  25
   4294  6   8048      0 0
   5  13  20  21  22  25
   4474  6  16201      0 0
   5  13  20  23  24  25
   4544  4  14721      0 0
   5  13  20  25
   2776  4   8089      0 0
   5  13  20  25
   2206  6  15473      0 0
   5  13  21  22  23  24
   2276  4  13970      0 0
   5  13  21  22
   1394  2  12855      0 0
   5  13
   2664  6   8152      0 0
   6   7  13  14  20  25
   3178  4  12873      0 0
   6   7  13  14
   5176  7   8182      0 0
   6   7  13  20  23  24  25
   5118  7   8137      0 0
   6   7  13  20  23  24  25
   3684  5   8124      0 0
   6   7  13  20  25
   3616  7  15485      0 0
   6   7  13  21  22  23  24
   3726  5  13980      0 0
   6   7  13  21  22
   2836  5  12885      0 0
   6   7  13  23  24
   2804  3  12863      0 0
   6   7  13
   2260  7   4366      0 0
   6   9  11  13  18  21  22
   3406  5   3897      0 0
   6   9  11  13  18
   1494  5   3153      0 0
   6   9  11  13  22
   3504  5   3165      0 0
   6   9  11  13  22
   2094  7   2269      0 0
   6   9  12  13  18  21  22
   3240  5   1800      0 0
   6   9  12  13  18
   1534  5   1056      0 0
   6   9  12  13  22
   3400  8   9253      0 0
   6   9  13  15  16  20  23  24
   4206  6   4546      0 0
   6   9  13  15  16  20
   4276  6   5574      0 0
   6   9  13  15  20  23
   1756  6   8594      0 0
   6   9  13  16  20  24
   4414  6   8608      0 0
   6   9  13  16  20  24
   2500  8  14020      0 0
   6   9  13  20  21  22  23  24
   2768  6  14006      0 0
   6   9  13  20  21  22
   4248  6   6451      0 0
   6   9  13  20  23  24
   4194  6  12909      0 0
   6   9  13  20  23  24
   1618  6  12983      0 0
   6   9  13  20  23  24
   4544  4  12997      0 0
   6   9  13  20
    704  4   8221      0 0
   6   9  13  20
   1880  4  12971      0 0
   6   9  13  20
   2440  9   7892      0 0
   7   8  10  13  19  20  23  24  25
   3248  7   7589      0 0
   7   8  10  13  19  20  25
   2232  9  16294      0 0
   7   8  10  13  19  21  22  23  24
   2198  7  16280      0 0
   7   8  10  13  19  21  22
   1698  7   3035      0 0
   7  10  11  13  14  22  25
   3448  8  14548      0 0
   7  10  11  13  22  23  24  25
   3346  8  16017      0 0
   7  10  11  13  22  23  24  25
   3306  6   2981      0 0
   7  10  11  13  22  25
   3416  6  14535      0 0
   7  10  11  13  22  25
   1736  7    938      0 0
   7  10  12  13  14  22  25
   3392  8  15859      0 0
   7  10  12  13  22  23  24  25
   3346  6    884      0 0
   7  10  12  13  22  25
   4690  6    897      0 0
   7  10  12  13  22  25
   4712  6    995      0 0
   7  10  12  13  22  25
   2380  8   7327      0 0
   7  10  13  14  15  16  20  25
   1710 10  11020      0 0
   7  10  13  14  15  16  21  22  23  24
   2056  8  11004      0 0
   7  10  13  14  15  16  21  22
   2484  8   8492      0 0
   7  10  13  14  16  20  24  25
   3008  6  12626      0 0
   7  10  13  14  16  24
   2336  6  12585      0 0
   7  10  13  14  18  21
   2382  8   7662      0 0
   7  10  13  14  20  23  24  25
   3188  6   5917      0 0
   7  10  13  14  20  25
    908  6   7679      0 0
   7  10  13  14  20  25
   3192  6   7964      0 0
   7  10  13  14  20  25
   1908  8  12074      0 0
   7  10  13  14  21  22  23  24
   1986  6  13872      0 0
   7  10  13  14  21  22
   1998  6  12060      0 0
   7  10  13  14  21  22
   1106  4  12559      0 0
   7  10  13  14
   3622  4  12614      0 0
   7  10  13  14
   4794  9   7310      0 0
   7  10  13  15  16  20  23  24  25
   4850  9   7792      0 0
   7  10  13  15  16  20  23  24  25
   4018  9  11739      0 0
   7  10  13  15  16  21  22  23  24
   3218  7   8477      0 0
   7  10  13  16  20  24  25
   2460  9   7523      0 0
   7  10  13  17  19  20  23  24  25
   3324  7   7393      0 0
   7  10  13  17  19  20  25
   1528  9  13279      0 0
   7  10  13  17  19  21  22  23  24
   1874  7  13265      0 0
   7  10  13  17  19  21  22
   3024  7  12640      0 0
   7  10  13  17  19  23  24
   4458  9   7557      0 0
   7  10  13  18  20  21  23  24  25
   5344  7   7936      0 0
   7  10  13  18  20  21  25
   2984  7   7452      0 0
   7  10  13  18  20  21  25
   4852  7  12668      0 0
   7  10  13  18  21  23  24
   4562  9   7540      0 0
   7  10  13  20  21  22  23  24  25
   4626  9   7743      0 0
   7  10  13  20  21  22  23  24  25
   5448  7   7921      0 0
   7  10  13  20  21  22  25
   3568  7   7422      0 0
   7  10  13  20  21  22  25
   3040  7   7574      0 0
   7  10  13  20  23  24  25
   3102  7   7777      0 0
   7  10  13  20  23  24  25
   3116  7   9972      0 0
   7  10  13  20  23  24  25
   2516  5   7497      0 0
   7  10  13  20  25
   3844  5   7634      0 0
   7  10  13  20  25
   2056  7  15399      0 0
   7  10  13  21  22  23  24
   4060  7  15413      0 0
   7  10  13  21  22  23  24
   4120  7  15385      0 0
   7  10  13  21  22  23  24
   2558  5  13848      0 0
   7  10  13  21  22
   4220  5  14036      0 0
   7  10  13  21  22
   3280  5  12709      0 0
   7  10  13  23  24
   1062  5  12697      0 0
   7  10  13  23  24
   1408  3  12539      0 0
   7  10  13
   1408  3     37      0 0
   7  10  13
   4086  9   3794      0 0
   8  11  15  16  18  19  23  24  25
   4894  7   3641      0 0
   8  11  15  16  18  19  25
   4164  9   2602      0 0
   8  11  15  16  19  22  23  24  25
   4972  7   2462      0 0
   8  11  15  16  19  22  25
   4960  7   3835      0 0
   8  11  15  18  19  23  25
   5040  7   2643      0 0
   8  11  15  19  22  23  25
   4662  7   4126      0 0
   8  11  18  19  21  22  25
   5292  7  16335      0 0
   8  11  18  19  21  22  25
   4636  7   4326      0 0
   8  11  18  19  21  22  25
   4934  7   4020      0 0
   8  11  18  19  23  24  25
   3140  5   4139      0 0
   8  11  18  19  25
   5010  7   2815      0 0
   8  11  19  22  23  24  25
   3218  5   2919      0 0
   8  11  19  22  25
   3914  9   1697      0 0
   8  12  15  16  18  19  23  24  25
   4722  7   1544      0 0
   8  12  15  16  18  19  25
   3964  9    505      0 0
   8  12  15  16  19  22  23  24  25
   4772  7    365      0 0
   8  12  15  16  19  22  25
   4790  7   1738      0 0
   8  12  15  18  19  23  25
   4838  7    546      0 0
   8  12  15  19  22  23  25
   4436  7    809      0 0
   8  12  18  19  21  22  25
   4462  7   1411      0 0
   8  12  18  19  21  22  25
   4764  7   1923      0 0
   8  12  18  19  23  24  25
   2974  5   2042      0 0
   8  12  18  19  25
   4810  7    718      0 0
   8  12  19  22  23  24  25
   3024  5    822      0 0
   8  12  19  22  25
   2516  9   9601      0 0
   8  14  15  16  19  20  23  24  25
   3324  7   5001      0 0
   8  14  15  16  19  20  25
   3440  7   8303      0 0
   8  14  16  19  20  24  25
   3364  7  10642      0 0
   8  14  19  20  23  24  25
   4170  5   5797      0 0
   8  14  19  20  25
   4554 10   9458      0 0
   8  15  16  18  19  20  21  23  24  25
   5362  8   4821      0 0
   8  15  16  18  19  20  21  25
   4658 10   9441      0 0
   8  15  16  19  20  21  22  23  24  25
   5466  8   4806      0 0
   8  15  16  19  20  21  22  25
   3136  8   5485      0 0
   8  15  16  19  20  23  24  25
   3944  6   4836      0 0
   8  15  16  19  20  25
   5428  8   5672      0 0
   8  15  18  19  20  21  23  25
   5534  8   5657      0 0
   8  15  19  20  21  22  23  25
   4010  6   5687      0 0
   8  15  19  20  23  25
   2800  8  10774      0 0
   8  18  19  20  21  23  24  25
   4866  8  16476      0 0
   8  18  19  20  21  23  24  25
   5400  8   6993      0 0
   8  18  19  20  21  23  24  25
   2534  6  16450      0 0
   8  18  19  20  21  25
   1966  4  16402      0 0
   8  18  19  21
   4970  8  16374      0 0
   8  19  20  21  22  23  24  25
   2906  8  10729      0 0
   8  19  20  21  22  23  24  25
   5480  8   6826      0 0
   8  19  20  21  22  23  24  25
   2638  6  16348      0 0
   8  19  20  21  22  25
   1388  6  10789      0 0
   8  19  20  23  24  25
   1122  4  16599      0 0
   8  19  20  25
   4848  4   7060      0 0
   8  19  20  25
   1676  4  16260      0 0
   8  19  21  22
    724  2  16214      0 0
   8  19
   2764  7   4339      0 0
   9  10  11  13  18  21  22
   3910  5   3885      0 0
   9  10  11  13  18
   3958  5   3190      0 0
   9  10  11  13  22
   1928  5   3080      0 0
   9  10  11  13  22
   3950  5   3105      0 0
   9  10  11  13  22
   2598  7   2242      0 0
   9  10  12  13  18  21  22
   3744  5   1788      0 0
   9  10  12  13  18
   1968  5    983      0 0
   9  10  12  13  22
   3734  5    872      0 0
   9  10  12  13  22
   3904  8   9237      0 0
   9  10  13  15  16  20  23  24
   4712  6   4532      0 0
   9  10  13  15  16  20
   4780  6   5560      0 0
   9  10  13  15  20  23
   2260  6   8509      0 0
   9  10  13  16  20  24
   3004  8  13928      0 0
   9  10  13  20  21  22  23  24
   3272  6  13914      0 0
   9  10  13  20  21  22
   4720  6  12841      0 0
   9  10  13  20  23  24
   2122  6  12781      0 0
   9  10  13  20  23  24
   2386  4  12769      0 0
   9  10  13  20
   1138  4   7909      0 0
   9  10  13  20
   2806  8  11399      0 0
  11  14  15  16  17  19  22  25
   3770  8   2503      0 0
  11  14  15  16  18  21  22  25
   3796  8   3682      0 0
  11  14  15  16  18  21  22  25
   3796  8   3428      0 0
  11  14  15  16  18  21  22  25
   4068  8   3979      0 0
  11  14  15  16  18  23  24  25
   4854  6   3710      0 0
  11  14  15  16  18  25
   2314  6   3697      0 0
  11  14  15  16  18  25
   4144  8   2774      0 0
  11  14  15  16  22  23  24  25
   2392  6   2518      0 0
  11  14  15  16  22  25
   5010  6   2475      0 0
  11  14  15  16  22  25
   4964  6   2943      0 0
  11  14  15  16  22  25
   4942  6   3809      0 0
  11  14  15  18  23  25
   5020  6   2617      0 0
  11  14  15  22  23  25
   2646  6   3214      0 0
  11  14  17  19  22  25
   4616  6   4261      0 0
  11  14  18  21  22  25
   4616  6   2669      0 0
  11  14  18  21  22  25
   4568  6  12431      0 0
  11  14  18  21  22  25
   4916  6   3848      0 0
  11  14  18  23  24  25
   3122  4   3874      0 0
  11  14  18  25
   4992  6   2789      0 0
  11  14  22  23  24  25
   3150  4  12383      0 0
  11  14  22  25
   4106  9   3613      0 0
  11  15  16  17  18  19  23  24  25
   5010  9  11657      0 0
  11  15  16  17  18  19  23  24  25
   4968  7   3600      0 0
  11  15  16  17  18  19  25
   4242  9   2574      0 0
  11  15  16  17  19  22  23  24  25
   4184  9   2434      0 0
  11  15  16  17  19  22  23  24  25
   5048  7   2421      0 0
  11  15  16  17  19  22  25
   4686  7   3628      0 0
  11  15  16  18  23  24  25
   4822  7   2589      0 0
  11  15  16  22  23  24  25
   4764  7   2449      0 0
  11  15  16  22  23  24  25
   5038  7   3822      0 0
  11  15  17  18  19  23  25
   5116  7   2630      0 0
  11  15  17  19  22  23  25
   3848  9   4298      0 0
  11  17  18  19  21  22  23  24  25
   3876  9   3480      0 0
  11  17  18  19  21  22  23  24  25
   3876  9   3264      0 0
  11  17  18  19  21  22  23  24  25
   4050  9  15153      0 0
  11  17  18  19  21  22  23  24  25
   3648  9  15181      0 0
  11  17  18  19  21  22  23  24  25
   4290  7  14330      0 0
  11  17  18  19  21  22  25
   2082  7   3332      0 0
  11  17  18  19  21  22  25
   4120  7  14585      0 0
  11  17  18  19  21  22  25
   2082  7   4408      0 0
  11  17  18  19  21  22  25
   2354  7   4061      0 0
  11  17  18  19  23  24  25
   2528  7  15168      0 0
  11  17  18  19  23  24  25
   2802  5  13582      0 0
  11  17  18  19  25
   5042  7   2956      0 0
  11  17  19  22  23  24  25
   2354  7  15127      0 0
  11  17  19  22  23  24  25
   2506  5  13547      0 0
  11  17  19  22  25
   1294  5   3345      0 0
  11  17  19  22  25
   4632  7  15666      0 0
  11  18  21  22  23  24  25
   4456  7   3495      0 0
  11  18  21  22  23  24  25
   4234  7  16123      0 0
  11  18  21  22  23  24  25
   4428  7   2869      0 0
  11  18  21  22  23  24  25
   2668  5   4434      0 0
  11  18  21  22  25
   4304  5  14319      0 0
  11  18  21  22  25
   2668  5   3534      0 0
  11  18  21  22  25
   2940  5   4102      0 0
  11  18  23  24  25
   1226  3   4456      0 0
  11  18  25
   2816  5  16006      0 0
  11  22  23  24  25
   1810  3   3569      0 0
  11  22  25
   2992  3  14526      0 0
  11  22  25
   2854  8  11315      0 0
  12  14  15  16  17  19  22  25
   3568  8    406      0 0
  12  14  15  16  18  21  22  25
   4280  8  11198      0 0
  12  14  15  16  18  21  22  25
   3594  8   1331      0 0
  12  14  15  16  18  21  22  25
   3896  8   1654      0 0
  12  14  15  16  18  23  24  25
   2382  6   1600      0 0
  12  14  15  16  18  25
   4702  6   1490      0 0
  12  14  15  16  18  25
   3946  8    462      0 0
  12  14  15  16  22  23  24  25
   3944  8    677      0 0
  12  14  15  16  22  23  24  25
   2430  6    421      0 0
  12  14  15  16  22  25
   4750  6    311      0 0
  12  14  15  16  22  25
   4808  6    378      0 0
  12  14  15  16  22  25
   4772  6   1712      0 0
  12  14  15  18  23  25
   4820  6    520      0 0
  12  14  15  22  23  25
   2446  6   1117      0 0
  12  14  17  19  22  25
   4444  6   1346      0 0
  12  14  18  21  22  25
   4416  6    572      0 0
  12  14  18  21  22  25
   4746  6   1751      0 0
  12  14  18  23  24  25
   2956  4   1777      0 0
  12  14  18  25
   4792  6    692      0 0
  12  14  22  23  24  25
   3004  4    585      0 0
  12  14  22  25
   3934  9   1516      0 0
  12  15  16  17  18  19  23  24  25
   4798  7   1503      0 0
  12  15  16  17  18  19  25
   4042  9    477      0 0
  12  15  16  17  19  22  23  24  25
   3984  9    337      0 0
  12  15  16  17  19  22  23  24  25
   4846  7    324      0 0
  12  15  16  17  19  22  25
   4520  7   1531      0 0
  12  15  16  18  23  24  25
   4570  7    352      0 0
  12  15  16  22  23  24  25
   4868  7   1725      0 0
  12  15  17  18  19  23  25
   4916  7    533      0 0
  12  15  17  19  22  23  25
   3648  9    744      0 0
  12  17  18  19  21  22  23  24  25
   3676  9   1383      0 0
  12  17  18  19  21  22  23  24  25
   3676  9   1167      0 0
  12  17  18  19  21  22  23  24  25
   1886  7   1235      0 0
  12  17  18  19  21  22  25
   4000  7  13534      0 0
  12  17  18  19  21  22  25
   4396  7  13307      0 0
  12  17  18  19  21  22  25
   1916  7   2311      0 0
  12  17  18  19  21  22  25
   3970  7  13409      0 0
  12  17  18  19  21  22  25
   2282  7   1964      0 0
  12  17  18  19  23  24  25
   2604  7  15099      0 0
  12  17  18  19  23  24  25
   2880  5  13523      0 0
  12  17  18  19  25
   2328  7    759      0 0
  12  17  19  22  23  24  25
   2264  7   1182      0 0
  12  17  19  22  23  24  25
   3100  5    646      0 0
  12  17  19  22  25
   1332  5   1248      0 0
  12  17  19  22  25
   4234  7    772      0 0
  12  18  21  22  23  24  25
   4264  7   2216      0 0
  12  18  21  22  23  24  25
   4262  7   1398      0 0
  12  18  21  22  23  24  25
   4382  5  14491      0 0
  12  18  21  22  25
   2498  5   2337      0 0
  12  18  21  22  25
   4352  5  14295      0 0
  12  18  21  22  25
   2468  5   1437      0 0
  12  18  21  22  25
   2768  5   2005      0 0
  12  18  23  24  25
   1296  3   2359      0 0
  12  18  25
   2816  5    785      0 0
  12  22  23  24  25
   3038  3  14388      0 0
  12  22  25
   1848  3   1472      0 0
  12  22  25
   2538  9   4935      0 0
  14  15  16  17  19  20  23  24  25
   3402  7   4877      0 0
  14  15  16  17  19  20  25
   1080  7  11052      0 0
  14  15  16  17  19  21  22
   4534  9   9205      0 0
  14  15  16  18  20  21  23  24  25
   1934  9   9702      0 0
  14  15  16  18  20  21  23  24  25
   4210  9  11258      0 0
  14  15  16  18  20  21  23  24  25
   5398  7   6282      0 0
  14  15  16  18  20  21  25
   5342  7   4504      0 0
  14  15  16  18  20  21  25
   1878  7  11228      0 0
  14  15  16  18  20  21  25
   1568  5  11172      0 0
  14  15  16  18  21
   2038  9   9651      0 0
  14  15  16  20  21  22  23  24  25
   4314  9  11140      0 0
  14  15  16  20  21  22  23  24  25
   4696  9   9552      0 0
  14  15  16  20  21  22  23  24  25
   4612  9   6779      0 0
  14  15  16  20  21  22  23  24  25
   2310  7  11110      0 0
  14  15  16  20  21  22  25
   2846  7   5062      0 0
  14  15  16  20  21  22  25
   2798  7  11483      0 0
  14  15  16  20  23  24  25
    778  7   9719      0 0
  14  15  16  20  23  24  25
   3098  7   9768      0 0
  14  15  16  20  23  24  25
   1248  5  11457      0 0
  14  15  16  20  25
   1632  5  10980      0 0
  14  15  16  21  22
    494  3    229      0 0
  14  15  16
   5410  7   5532      0 0
  14  15  18  20  21  23  25
   5516  7   5517      0 0
  14  15  20  21  22  23  25
   3992  5   5547      0 0
  14  15  20  23  25
   3518  7   8245      0 0
  14  16  17  19  20  24  25
   2858  7   8392      0 0
  14  16  18  20  21  24  25
   5462  7   8435      0 0
  14  16  18  20  21  24  25
   2962  7   8347      0 0
  14  16  20  21  22  24  25
   1444  5   8407      0 0
  14  16  20  24  25
   1736  7  12114      0 0
  14  17  19  20  21  22  25
   3384  7   5739      0 0
  14  17  19  20  23  24  25
   3384  7   6592      0 0
  14  17  19  20  23  24  25
   4248  5   5715      0 0
  14  17  19  20  25
   1332  5  12102      0 0
  14  17  19  21  22
   2782  7   9930      0 0
  14  18  20  21  23  24  25
   4544  7  12295      0 0
  14  18  20  21  23  24  25
   5382  7   6409      0 0
  14  18  20  21  23  24  25
   5382  7   5769      0 0
  14  18  20  21  23  24  25
   2212  5  12269      0 0
  14  18  20  21  25
   1644  3  12221      0 0
  14  18  21
   2886  7   9885      0 0
  14  20  21  22  23  24  25
   5458  7   5822      0 0
  14  20  21  22  23  24  25
   5522  7   8924      0 0
  14  20  21  22  23  24  25
   2316  5  12167      0 0
  14  20  21  22  25
   3692  5   5852      0 0
  14  20  21  22  25
   1370  5   9945      0 0
  14  20  23  24  25
   3126  5  12466      0 0
  14  20  23  24  25
   2176  3   5893      0 0
  14  20  25
   1190  3  12444      0 0
  14  20  25
   1574  3  12040      0 0
  14  21  22
    436  1  11982      0 0
  14
   3768 10  11595      0 0
  15  16  17  18  19  20  21  23  24  25
   4630 10   9349      0 0
  15  16  17  18  19  20  21  23  24  25
   4574 10   4714      0 0
  15  16  17  18  19  20  21  23  24  25
   5438  8   4630      0 0
  15  16  17  18  19  20  21  25
   3206  8  11581      0 0
  15  16  17  18  19  21  23  24
   4734 10   9332      0 0
  15  16  17  19  20  21  22  23  24  25
   3874 10  11783      0 0
  15  16  17  19  20  21  22  23  24  25
   3874 10  11564      0 0
  15  16  17  19  20  21  22  23  24  25
   5542  8   4615      0 0
  15  16  17  19  20  21  22  25
   2356  8  11672      0 0
  15  16  17  19  20  23  24  25
   3156  8   4731      0 0
  15  16  17  19  20  23  24  25
   4020  6   4645      0 0
  15  16  17  19  20  25
   2910  8  11536      0 0
  15  16  17  19  21  22  23  24
   1958  6  11524      0 0
  15  16  17  19  23  24
   4354  8  11841      0 0
  15  16  18  20  21  23  24  25
   3786  6  11815      0 0
  15  16  18  21  23  24
   5314  8   9398      0 0
  15  16  20  21  22  23  24  25
   4460  8  11800      0 0
  15  16  20  21  22  23  24  25
   2942  6  11926      0 0
  15  16  20  23  24  25
   3798  6   9428      0 0
  15  16  20  23  24  25
   4606  4   4673      0 0
  15  16  20  25
   3490  6  11715      0 0
  15  16  21  22  23  24
    556  4  11964      0 0
  15  16  23  24
    778  2  10904      0 0
  15  16
   5506  8   5603      0 0
  15  17  18  19  20  21  23  25
   5612  8   5588      0 0
  15  17  19  20  21  22  23  25
   4088  6   5618      0 0
  15  17  19  20  23  25
   4674  4   5646      0 0
  15  20  23  25
   1430  2  11974      0 0
  15  23
   1602  8  15014      0 0
  17  18  19  20  21  23  24  25
   3888  8  15029      0 0
  17  18  19  20  21  23  24  25
   5478  8   6622      0 0
  17  18  19  20  21  23  24  25
   2820  8   6724      0 0
  17  18  19  20  21  23  24  25
   1568  6  13435      0 0
  17  18  19  20  21  25
   3684  6   6148      0 0
  17  18  19  20  21  25
   1444  6  14958      0 0
  17  18  19  21  23  24
   1386  4  13387      0 0
  17  18  19  21
   2982  8  10274      0 0
  17  19  20  21  22  23  24  25
   5582  8   6888      0 0
  17  19  20  21  22  23  24  25
   1794  8  15583      0 0
  17  19  20  21  22  23  24  25
   2988  8   9031      0 0
  17  19  20  21  22  23  24  25
   3800  8  14134      0 0
  17  19  20  21  22  23  24  25
   5554  8   6811      0 0
  17  19  20  21  22  23  24  25
   2296  6  14108      0 0
  17  19  20  21  22  25
   3788  6   6120      0 0
  17  19  20  21  22  25
   2128  6  13333      0 0
  17  19  20  21  22  25
   3788  6   6258      0 0
  17  19  20  21  22  25
   1124  6  15196      0 0
  17  19  20  23  24  25
   1472  6   8867      0 0
  17  19  20  23  24  25
   4118  6  10232      0 0
  17  19  20  23  24  25
   1066  4  13606      0 0
  17  19  20  25
   2272  4   6161      0 0
  17  19  20  25
   1080  6  15541      0 0
  17  19  21  22  23  24
   3040  6  14841      0 0
  17  19  21  22  23  24
   3676  4  14160      0 0
  17  19  21  22
   1450  4  13245      0 0
  17  19  21  22
    410  4  14777      0 0
  17  19  23  24
    352  2  13187      0 0
  17  19
   1880  6  15810      0 0
  18  20  21  23  24  25
   3470  6   9151      0 0
  18  20  21  23  24  25
   4270  4   6312      0 0
  18  20  21  25
   2228  4  14343      0 0
  18  20  21  25
   1568  4  15718      0 0
  18  21  23  24
   2070  2  14251      0 0
  18  21
   3574  6   9061      0 0
  20  21  22  23  24  25
   4386  6  14227      0 0
  20  21  22  23  24  25
   2310  6  15679      0 0
  20  21  22  23  24  25
   2812  4  14205      0 0
  20  21  22  25
   1254  4  16164      0 0
  20  23  24  25
   1988  4   7036      0 0
  20  23  24  25
   2052  4   9164      0 0
  20  23  24  25
   1762  2  14675      0 0
  20  25
   1632  4  15365      0 0
  21  22  23  24
   2134  2  13806      0 0
  21  22
    820  2  14769      0 0
  23  24
