       22      685 12345678 12345678 0.123457E+01
   6339  6   3990      0 0
   1   6  16  17  20  22
   4899  5  17628      0 0
   1  16  18  19  21
   4779  5  15772      0 0
   1  16  19  20  21
   5934  5  16840      0 0
   1  17  18  21  22
   5556  4   3947      0 0
   1  17  18  22
   5811  5  14973      0 0
   1  17  20  21  22
   5427  4   3904      0 0
   1  17  20  22
   4797  1    577      0 0
   1
   6141  7  10529      0 0
   2   4   5   6   9  12  16
   3015  7    331      0 0
   2   4   5   7   8  12  15
   3015  7  10573      0 0
   2   4   5   7   8  12  15
   4572  5  10603      0 0
   2   4   5   7   8
   3159  7  10663      0 0
   2   4   5   7   9  12  21
   4998  6  10648      0 0
   2   4   5   7   9  12
   2592  6  10680      0 0
   2   4   5   7  12  15
   2457  4  10635      0 0
   2   4   5   7
   2928  6  10558      0 0
   2   4   5   8  12  15
   4485  4  10590      0 0
   2   4   5   8
   1617  6  10499      0 0
   2   4   5   9  12  21
   5901  6  10825      0 0
   2   4   5   9  12  21
   3444  5  10471      0 0
   2   4   5   9  12
   4758  8  10438      0 0
   2   4   5  10  11  12  15  19
   4407  7  10406      0 0
   2   4   5  10  12  14  17
   4623  7  10455      0 0
   2   4   5  10  12  16  19
   5859  7    673      0 0
   2   4   5  10  12  17  22
   4062  7  10792      0 0
   2   4   5  11  15  18  19
   3939  7  10727      0 0
   2   4   5  11  15  19  20
   1197  5  10545      0 0
   2   4   5  12  15
   5334  5  10840      0 0
   2   4   5  12  15
   3714  6  10760      0 0
   2   4   5  14  17  18
   3591  6  10695      0 0
   2   4   5  14  17  20
   3927  6  10809      0 0
   2   4   5  16  18  19
   3804  6  10744      0 0
   2   4   5  16  19  20
   5163  6    705      0 0
   2   4   5  17  18  22
   5043  6    689      0 0
   2   4   5  17  20  22
   1656  3  10382      0 0
   2   4   5
   6354  6  18668      0 0
   2   4   6   9  12  21
   5775  5  18684      0 0
   2   4   6  12  15
   6504  7  10352      0 0
   2   5   7   9  12  16  21
   5937  6  10368      0 0
   2   5   7  12  15  16
   5601  4  10340      0 0
   2   5   7  16
   6072  5  10306      0 0
   2   5   9  11  21
   5577  4  10319      0 0
   2   5  11  15
   5433  3  10330      0 0
   2   5  16
   5013  7   9293      0 0
   3   7  10  12  16  19  22
   6009  6   9278      0 0
   3   7  10  12  16  19
   6525  7  11036      0 0
   3  10  11  12  15  19  22
   6378  5   9102      0 0
   3  10  11  14  19
   4569  5   9116      0 0
   3  10  11  19  22
   5574  4   9090      0 0
   3  10  11  19
   6165  6  11021      0 0
   3  10  12  14  17  22
   6381  6  11052      0 0
   3  10  12  16  19  22
   3798  5   9056      0 0
   3  10  13  14  22
   4800  4   9044      0 0
   3  10  13  14
   3285  7   9196      0 0
   3  11  15  18  19  21  22
   4701  6   9180      0 0
   3  11  15  18  19  21
   5046  6  18346      0 0
   3  11  15  18  19  22
   3165  7   9162      0 0
   3  11  15  19  20  21  22
   4578  6   9146      0 0
   3  11  15  19  20  21
   4875  6  13170      0 0
   3  11  15  19  20  22
   4533  5   9366      0 0
   3  14  16  18  19
   4413  5   9323      0 0
   3  14  16  19  20
   2979  6  17143      0 0
   3  14  17  18  21  22
   4380  5   8997      0 0
   3  14  17  18  21
   4695  5  18331      0 0
   3  14  17  18  22
   4257  5   8982      0 0
   3  14  17  20  21
   4542  5  13155      0 0
   3  14  17  20  22
   2724  2   8957      0 0
   3  14
   3144  6  17178      0 0
   3  16  18  19  21  22
   4926  5   9246      0 0
   3  16  18  19  21
   2724  5   9381      0 0
   3  16  18  19  22
   4149  4   9353      0 0
   3  16  18  19
   3021  6  15294      0 0
   3  16  19  20  21  22
   4803  5   9214      0 0
   3  16  19  20  21
   2613  5   9338      0 0
   3  16  19  20  22
   4026  4   9310      0 0
   3  16  19  20
   1785  2   9080      0 0
   3  22
   2466  1   8949      0 0
   3
   4530  6   9524      0 0
   4   5   7   8  12  15
   6084  4   9550      0 0
   4   5   7   8
   4674  6   9589      0 0
   4   5   7   9  12  21
   4107  5   9604      0 0
   4   5   7  12  15
   3771  3   9578      0 0
   4   5   7
   4443  5   9511      0 0
   4   5   8  12  15
   5997  3   9539      0 0
   4   5   8
   3120  5   9487      0 0
   4   5   9  12  21
   4959  4   9476      0 0
   4   5   9  12
   6273  7   9447      0 0
   4   5  10  11  12  15  19
   5919  6   9433      0 0
   4   5  10  12  14  17
   6135  6   9462      0 0
   4   5  10  12  16  19
   5577  6   9674      0 0
   4   5  11  15  18  19
   5454  6   9631      0 0
   4   5  11  15  19  20
   2553  4   9500      0 0
   4   5  12  15
   5226  5   9660      0 0
   4   5  14  17  18
   5106  5   9617      0 0
   4   5  14  17  20
   5442  5   9689      0 0
   4   5  16  18  19
   5319  5   9646      0 0
   4   5  16  19  20
   3171  2   9424      0 0
   4   5
   4296  6  17268      0 0
   4  12  15  18  19  21
   6051  5  18377      0 0
   4  12  15  18  19
   4173  6  15384      0 0
   4  12  15  19  20  21
   5880  5  13201      0 0
   4  12  15  19  20
   4914  4  17254      0 0
   4  18  19  21
   6039  4   7353      0 0
   4  18  19  22
   4791  4  15370      0 0
   4  19  20  21
   5916  4   7339      0 0
   4  19  20  22
   5457  8   9810      0 0
   5   7   8   9  11  12  15  21
   5787  7   9921      0 0
   5   7   8   9  12  16  21
   4551  5   9797      0 0
   5   7   8  11  15
   5217  6   9937      0 0
   5   7   8  12  15  16
   4881  4   9909      0 0
   5   7   8  16
   3621  6  10050      0 0
   5   7   9  12  16  21
   5349  5  10038      0 0
   5   7   9  12  16
   6588  8   9741      0 0
   5   7  10  11  12  15  16  19
   6261  6   9727      0 0
   5   7  10  11  16  19
   6312  7  10007      0 0
   5   7  10  12  14  16  17
   3072  5  10064      0 0
   5   7  12  15  16
   3048  3   9997      0 0
   5   7  16
   6033  7   9859      0 0
   5   8  11  14  15  17  18
   5910  7   9827      0 0
   5   8  11  14  15  17  20
   6246  7   9875      0 0
   5   8  11  15  16  18  19
   6123  7   9843      0 0
   5   8  11  15  16  19  20
   4476  4   9786      0 0
   5   8  11  15
   6363  6   9982      0 0
   5   8  14  16  17  18
   6240  6   9951      0 0
   5   8  14  16  17  20
   4806  3   9899      0 0
   5   8  16
   4875  7  10248      0 0
   5   9  11  16  18  19  21
   4755  7  10147      0 0
   5   9  11  16  19  20  21
   4017  4   9766      0 0
   5   9  11  21
   5685  3   9757      0 0
   5   9  11
   5946  6  10190      0 0
   5   9  13  14  16  18
   5853  6  10089      0 0
   5   9  13  14  16  20
   5877  5   9703      0 0
   5  10  11  14  17
   6084  5   9715      0 0
   5  10  11  16  19
   6177  7  10232      0 0
   5  11  15  16  18  19  22
   4383  6  10264      0 0
   5  11  15  16  18  19
   6054  7  10131      0 0
   5  11  15  16  19  20  22
   4260  6  10163      0 0
   5  11  15  16  19  20
   6036  7    601      0 0
   5  11  15  17  18  21  22
   5916  7    585      0 0
   5  11  15  17  20  21  22
   2985  3   9777      0 0
   5  11  15
   5829  6  10217      0 0
   5  14  16  17  18  22
   4035  5  10177      0 0
   5  14  16  17  18
   5706  6  10116      0 0
   5  14  16  17  20  22
   3912  5  10076      0 0
   5  14  16  17  20
   6255  6   1391      0 0
   5  16  17  18  21  22
   5475  5    660      0 0
   5  16  17  18  22
   6132  6   1376      0 0
   5  16  17  20  21  22
   5352  5    647      0 0
   5  16  17  20  22
   3189  2   9891      0 0
   5  16
   5607  8  18814      0 0
   6   7   8   9  11  12  15  21
   5940  7  18933      0 0
   6   7   8   9  12  16  21
   4704  5  18800      0 0
   6   7   8  11  15
   5361  6  18950      0 0
   6   7   8  12  15  16
   5034  4  18920      0 0
   6   7   8  16
   5397  8   7258      0 0
   6   7   9  10  12  13  16  22
   5865  6  12474      0 0
   6   7   9  11  12  15
   3894  6  19071      0 0
   6   7   9  12  16  21
   5562  5  19058      0 0
   6   7   9  12  16
   4806  5  11346      0 0
   6   7   9  12  16
   6741  8  18739      0 0
   6   7  10  11  12  15  16  19
   6405  6  18724      0 0
   6   7  10  11  16  19
   6453  7  19025      0 0
   6   7  10  12  14  16  17
   6435  7   2382      0 0
   6   7  10  12  16  17  22
   3345  5  19086      0 0
   6   7  12  15  16
   3318  3  19014      0 0
   6   7  16
   5538  8   7172      0 0
   6   8   9  11  13  15  18  22
   5415  8   7154      0 0
   6   8   9  11  13  15  20  22
   5868  7   6102      0 0
   6   8   9  13  16  18  22
   5745  7   7224      0 0
   6   8   9  13  16  20  22
   6177  7  18866      0 0
   6   8  11  14  15  17  18
   6054  7  18832      0 0
   6   8  11  14  15  17  20
   6390  7  18883      0 0
   6   8  11  15  16  18  19
   6267  7  18849      0 0
   6   8  11  15  16  19  20
   6156  7   2303      0 0
   6   8  11  15  17  18  22
   6033  7   2286      0 0
   6   8  11  15  17  20  22
   4617  4  18788      0 0
   6   8  11  15
   6507  6  18998      0 0
   6   8  14  16  17  18
   6384  6  18965      0 0
   6   8  14  16  17  20
   6324  6   2774      0 0
   6   8  16  17  20  22
   4947  3  18909      0 0
   6   8  16
   5766  7   7102      0 0
   6   9  10  11  13  14  22
   4962  6   7088      0 0
   6   9  10  11  13  22
   6543  8  11408      0 0
   6   9  11  12  15  16  18  19
   6420  8  11375      0 0
   6   9  11  12  15  16  19  20
   4734  5  11323      0 0
   6   9  11  12  15
   4380  8  16522      0 0
   6   9  11  13  14  15  18  21
   6138  7  17980      0 0
   6   9  11  13  14  15  18
   4260  8  14673      0 0
   6   9  11  13  14  15  20  21
   5967  7  12837      0 0
   6   9  11  13  14  15  20
   4092  8   5967      0 0
   6   9  11  13  15  18  21  22
   4092  8   7136      0 0
   6   9  11  13  15  18  21  22
   5505  7   5951      0 0
   6   9  11  13  15  18  21
   5808  8  14874      0 0
   6   9  11  13  15  20  21  22
   3969  8   7118      0 0
   6   9  11  13  15  20  21  22
   5382  7   5917      0 0
   6   9  11  13  15  20  21
   5004  7    433      0 0
   6   9  11  16  18  19  21
   5670  7   7701      0 0
   6   9  11  16  18  19  22
   4884  7  15596      0 0
   6   9  11  16  19  20  21
   5547  7   7684      0 0
   6   9  11  16  19  20  22
   3219  4  18766      0 0
   6   9  11  21
   5058  3  18756      0 0
   6   9  11
   6183  7  11392      0 0
   6   9  12  14  16  17  18
   6060  7  11359      0 0
   6   9  12  14  16  17  20
   4587  4  11335      0 0
   6   9  12  16
   4236  7  16540      0 0
   6   9  13  14  16  18  21
   3924  7   7322      0 0
   6   9  13  14  16  18  22
   5340  6   6192      0 0
   6   9  13  14  16  18
   4113  7  14691      0 0
   6   9  13  14  16  20  21
   3801  7   7290      0 0
   6   9  13  14  16  20  22
   5217  6   6149      0 0
   6   9  13  14  16  20
   4314  7   7207      0 0
   6   9  13  16  18  21  22
   5823  7  16160      0 0
   6   9  13  16  18  21  22
   4314  7   6068      0 0
   6   9  13  16  18  21  22
   5730  6   6053      0 0
   6   9  13  16  18  21
   3540  6   7307      0 0
   6   9  13  16  18  22
   4953  5   6179      0 0
   6   9  13  16  18
   4191  7   7190      0 0
   6   9  13  16  20  21  22
   5607  6   6021      0 0
   6   9  13  16  20  21
   3417  6   7275      0 0
   6   9  13  16  20  22
   4830  5   6136      0 0
   6   9  13  16  20
   6021  5  18698      0 0
   6  10  11  14  17
   6237  5  18711      0 0
   6  10  11  16  19
   5991  5   2209      0 0
   6  10  11  17  22
   5607  7   8097      0 0
   6  11  15  16  18  19  22
   4527  6  19300      0 0
   6  11  15  16  18  19
   5484  7   8080      0 0
   6  11  15  16  19  20  22
   4404  6  19192      0 0
   6  11  15  16  19  20
   4707  7   2269      0 0
   6  11  15  17  18  21  22
   6123  6   2254      0 0
   6  11  15  17  18  21
   4614  7   2237      0 0
   6  11  15  17  20  21  22
   6000  6   2222      0 0
   6  11  15  17  20  21
   2727  3  18778      0 0
   6  11  15
   5298  6   4533      0 0
   6  14  16  17  18  22
   4176  5  19207      0 0
   6  14  16  17  18
   5175  6   4517      0 0
   6  14  16  17  20  22
   4053  5  19099      0 0
   6  14  16  17  20
   4932  6   2350      0 0
   6  16  17  18  21  22
   4146  5   2464      0 0
   6  16  17  18  22
   5571  4   2438      0 0
   6  16  17  18
   4809  6   2334      0 0
   6  16  17  20  21  22
   6225  5   2320      0 0
   6  16  17  20  21
   4233  5   2424      0 0
   6  16  17  20  22
   5448  4   2398      0 0
   6  16  17  20
   2580  2  18900      0 0
   6  16
   3744  5  11883      0 0
   7   8   9  12  21
   5412  4  11871      0 0
   7   8   9  12
   6234  7  11840      0 0
   7   8  10  11  12  15  19
   6651  7   6382      0 0
   7   8  10  12  13  15  22
   5136  6   2867      0 0
   7   8  10  12  14  17
   6090  6  11856      0 0
   7   8  10  12  16  19
   3330  6   2882      0 0
   7   8  10  12  17  22
   4335  5   2854      0 0
   7   8  10  12  17
   3324  7  11790      0 0
   7   8  12  15  16  18  19
   3201  7  11644      0 0
   7   8  12  15  16  19  20
   2871  8   2967      0 0
   7   8  12  15  17  18  21  22
   3726  7   2950      0 0
   7   8  12  15  17  18  21
   5409  7  18119      0 0
   7   8  12  15  17  18  22
   2997  8   2931      0 0
   7   8  12  15  17  20  21  22
   3702  7   2914      0 0
   7   8  12  15  17  20  21
   5238  7  12976      0 0
   7   8  12  15  17  20  22
   5175  5  13629      0 0
   7   8  12  15  21
   1779  4  11443      0 0
   7   8  12  15
   4443  5  12227      0 0
   7   8  16  18  19
   4470  5  12052      0 0
   7   8  16  19  20
   3168  6   2837      0 0
   7   8  17  18  21  22
   4584  5   2822      0 0
   7   8  17  18  21
   5073  5  18104      0 0
   7   8  17  18  22
   3045  6   2805      0 0
   7   8  17  20  21  22
   4461  5   2790      0 0
   7   8  17  20  21
   4902  5  12961      0 0
   7   8  17  20  22
   4848  3  13617      0 0
   7   8  21
   3168  2  11815      0 0
   7   8
   4848  7  12385      0 0
   7   9  10  11  12  19  21
   6687  6  12371      0 0
   7   9  10  11  12  19
   5913  6  12298      0 0
   7   9  10  12  13  14
   4320  7  18550      0 0
   7   9  12  16  18  19  21
   5988  6  18535      0 0
   7   9  12  16  18  19
   4338  7  13455      0 0
   7   9  12  16  19  20  21
   6006  6  13440      0 0
   7   9  12  16  19  20
   2865  4  12450      0 0
   7   9  12  21
   5616  4  12501      0 0
   7   9  12  21
   4533  3  12428      0 0
   7   9  12
   6150  7  12340      0 0
   7  10  11  12  15  19  22
   4344  6  12401      0 0
   7  10  11  12  15  19
   4581  6   8590      0 0
   7  10  12  14  16  19
   5790  6  12325      0 0
   7  10  12  14  17  22
   3993  5  12285      0 0
   7  10  12  14  17
   3351  8   3764      0 0
   7  10  12  16  17  19  20  22
   4737  7   3748      0 0
   7  10  12  16  17  19  20
   6003  6  12356      0 0
   7  10  12  16  19  22
   3015  6   8605      0 0
   7  10  12  16  19  22
   3993  5  11116      0 0
   7  10  12  16  19
   6339  6   1524      0 0
   7  10  12  17  21  22
   5562  5   1119      0 0
   7  10  12  17  22
   4893  7  17526      0 0
   7  12  15  16  18  19  21
   2226  7  17560      0 0
   7  12  15  16  18  19  21
   3981  7   8669      0 0
   7  12  15  16  18  19  21
   4704  7  18314      0 0
   7  12  15  16  18  19  22
   6465  6  17804      0 0
   7  12  15  16  18  19
   3771  6  18567      0 0
   7  12  15  16  18  19
   6396  6  18653      0 0
   7  12  15  16  18  19
   2352  7  15704      0 0
   7  12  15  16  19  20  21
   4620  7  15843      0 0
   7  12  15  16  19  20  21
   4587  7  14387      0 0
   7  12  15  16  19  20  21
   4725  7  13138      0 0
   7  12  15  16  19  20  22
   3789  6  13472      0 0
   7  12  15  16  19  20
   6258  6  13265      0 0
   7  12  15  16  19  20
   4812  7   1179      0 0
   7  12  15  17  18  21  22
   5667  6   1164      0 0
   7  12  15  17  18  21
   4938  7   1147      0 0
   7  12  15  17  20  21  22
   5643  6   1132      0 0
   7  12  15  17  20  21
   2316  3  12513      0 0
   7  12  15
   3132  6  17126      0 0
   7  16  18  19  21  22
   2199  5  17496      0 0
   7  16  18  19  21
   4305  5  17670      0 0
   7  16  18  19  21
   4029  5   8530      0 0
   7  16  18  19  21
   4680  5  18299      0 0
   7  16  18  19  22
   3744  4  18494      0 0
   7  16  18  19
   6093  4  18402      0 0
   7  16  18  19
   3261  6  15259      0 0
   7  16  19  20  21  22
   3984  5   8498      0 0
   7  16  19  20  21
   2325  5  15640      0 0
   7  16  19  20  21
   4251  5  14372      0 0
   7  16  19  20  21
   4698  5  13123      0 0
   7  16  19  20  22
   5922  4  13252      0 0
   7  16  19  20
   3762  4  13399      0 0
   7  16  19  20
   5400  5   1104      0 0
   7  17  18  21  22
   5277  5   1089      0 0
   7  17  20  21  22
   2289  1  12259      0 0
   7
   3792  8  11757      0 0
   8   9  11  12  15  18  19  21
   5631  7  11741      0 0
   8   9  11  12  15  18  19
   3672  8  11611      0 0
   8   9  11  12  15  19  20  21
   5511  7  11595      0 0
   8   9  11  12  15  19  20
   4494  6  12184      0 0
   8   9  11  18  19  21
   6333  5  12170      0 0
   8   9  11  18  19
   4371  6  12009      0 0
   8   9  11  19  20  21
   6210  5  11995      0 0
   8   9  11  19  20
   4863  7  11676      0 0
   8   9  12  13  14  15  18
   4740  7  11498      0 0
   8   9  12  13  14  15  20
   6288  7  11514      0 0
   8   9  12  13  15  20  22
   5892  5  12097      0 0
   8   9  13  14  18
   5919  5  11922      0 0
   8   9  13  14  20
   5682  6   7012      0 0
   8   9  13  18  21  22
   5562  6   5791      0 0
   8   9  13  20  21  22
   4758  7   3289      0 0
   8  10  11  17  18  19  22
   5754  6   3274      0 0
   8  10  11  17  18  19
   4638  7   3128      0 0
   8  10  11  17  19  20  22
   5631  6   3113      0 0
   8  10  11  17  19  20
   3990  7   3218      0 0
   8  10  13  14  17  18  22
   4983  6   3203      0 0
   8  10  13  14  17  18
   3867  7   3042      0 0
   8  10  13  14  17  20  22
   4860  6   3027      0 0
   8  10  13  14  17  20
   6411  6   3072      0 0
   8  10  13  17  20  22
   6204  6  17298      0 0
   8  11  15  18  19  21
   5805  6  12139      0 0
   8  11  15  18  19  22
   3999  5  12200      0 0
   8  11  15  18  19
   6084  6  15428      0 0
   8  11  15  19  20  21
   5682  6  11964      0 0
   8  11  15  19  20  22
   3879  5  12025      0 0
   8  11  15  19  20
   4737  7  11707      0 0
   8  12  14  15  17  18  22
   2940  6  11661      0 0
   8  12  14  15  17  18
   4614  7  11545      0 0
   8  12  14  15  17  20  22
   2820  6  11483      0 0
   8  12  14  15  17  20
   4950  7  11724      0 0
   8  12  15  16  18  19  22
   3144  6  11775      0 0
   8  12  15  16  18  19
   4827  7  11578      0 0
   8  12  15  16  19  20  22
   3021  6  11629      0 0
   8  12  15  16  19  20
   4833  7   1477      0 0
   8  12  15  17  18  21  22
   4845  7    930      0 0
   8  12  15  17  18  21  22
   6246  6   1462      0 0
   8  12  15  17  18  21
   4053  6   1018      0 0
   8  12  15  17  18  22
   5478  5    990      0 0
   8  12  15  17  18
   4710  7   1445      0 0
   8  12  15  17  20  21  22
   6126  6   1430      0 0
   8  12  15  17  20  21
   3930  6    975      0 0
   8  12  15  17  20  22
   5355  5    947      0 0
   8  12  15  17  20
   1872  3  11433      0 0
   8  12  15
   5580  6  16429      0 0
   8  13  14  15  18  21
   5232  6   6442      0 0
   8  13  14  15  18  22
   5457  6  14597      0 0
   8  13  14  15  20  21
   5109  6   6412      0 0
   8  13  14  15  20  22
   6525  5   5087      0 0
   8  13  14  15  20
   5628  6   5059      0 0
   8  13  15  18  21  22
   4845  5   6428      0 0
   8  13  15  18  22
   5505  6   5043      0 0
   8  13  15  20  21  22
   4722  5   5101      0 0
   8  13  15  20  22
   6138  4   5075      0 0
   8  13  15  20
   3696  5   2701      0 0
   8  14  17  18  21
   5445  5  12124      0 0
   8  14  17  18  22
   2916  4   3190      0 0
   8  14  17  18
   3723  5   2628      0 0
   8  14  17  20  21
   5322  5  11949      0 0
   8  14  17  20  22
   2793  4   3014      0 0
   8  14  17  20
   2790  7   3322      0 0
   8  16  17  18  19  20  22
   4206  6   3306      0 0
   8  16  17  18  19  20
   6534  5  13720      0 0
   8  16  18  19  21
   5658  5  12155      0 0
   8  16  18  19  22
   3855  4  12214      0 0
   8  16  18  19
   6411  5  13674      0 0
   8  16  19  20  21
   5535  5  11980      0 0
   8  16  19  20  22
   3732  4  12039      0 0
   8  16  19  20
   6300  5   1287      0 0
   8  17  18  21  22
   2955  5   2731      0 0
   8  17  18  21  22
   6192  5   2746      0 0
   8  17  18  21  22
   3810  4   2688      0 0
   8  17  18  21
   5556  4   1076      0 0
   8  17  18  22
   4995  4  18091      0 0
   8  17  18  22
   1854  4   3248      0 0
   8  17  18  22
   2709  3   3179      0 0
   8  17  18
   6177  5   1272      0 0
   8  17  20  21  22
   3084  5   2658      0 0
   8  17  20  21  22
   6099  5   2643      0 0
   8  17  20  21  22
   3789  4   2615      0 0
   8  17  20  21
   1884  4   3087      0 0
   8  17  20  22
   5382  4   3100      0 0
   8  17  20  22
   5148  4  11936      0 0
   8  17  20  22
   2589  3   3003      0 0
   8  17  20
   4761  2  13607      0 0
   8  21
   3261  1  11807      0 0
   8
   5511  7  10963      0 0
   9  10  11  12  19  21  22
   3705  6  11079      0 0
   9  10  11  12  19  21
   5544  5  11067      0 0
   9  10  11  12  19
   5442  5  10894      0 0
   9  10  12  13  14
   6357  7  11272      0 0
   9  11  12  15  18  19  21
   6234  7  11226      0 0
   9  11  12  15  19  20  21
   4113  6  17079      0 0
   9  11  18  19  21  22
   4029  6  18256      0 0
   9  11  18  19  21  22
   2904  5  18457      0 0
   9  11  18  19  21
   5544  5   7590      0 0
   9  11  18  19  22
   4575  4  18445      0 0
   9  11  18  19
   3858  6  13080      0 0
   9  11  19  20  21  22
   6393  5  13215      0 0
   9  11  19  20  21
   6426  5  12611      0 0
   9  11  19  20  21
   2925  5  13348      0 0
   9  11  19  20  21
   6462  5  13534      0 0
   9  11  19  20  21
   5565  5   7544      0 0
   9  11  19  20  22
   4593  4  13322      0 0
   9  11  19  20
   6408  7   6868      0 0
   9  12  13  15  18  21  22
   6288  7   6852      0 0
   9  12  13  15  20  21  22
   5997  6  11257      0 0
   9  12  14  17  18  21
   5874  6  11211      0 0
   9  12  14  17  20  21
   6210  6  11288      0 0
   9  12  16  18  19  21
   6087  6  11242      0 0
   9  12  16  19  20  21
   2391  3  11303      0 0
   9  12  21
   4425  3  11201      0 0
   9  12  21
   4059  2  11193      0 0
   9  12
   3630  6  16355      0 0
   9  13  14  18  21  22
   3795  6   6954      0 0
   9  13  14  18  21  22
   5154  5   5875      0 0
   9  13  14  18  21
   3648  5  16494      0 0
   9  13  14  18  21
   5301  5   5763      0 0
   9  13  14  18  21
   5175  5  17830      0 0
   9  13  14  18  22
   5193  4  17940      0 0
   9  13  14  18
   3615  6   7042      0 0
   9  13  14  20  21  22
   3774  5  14645      0 0
   9  13  14  20  21
   5427  5   5723      0 0
   9  13  14  20  21
   5031  5   5835      0 0
   9  13  14  20  21
   5196  5  12687      0 0
   9  13  14  20  22
   5211  4  12797      0 0
   9  13  14  20
   3354  5   7058      0 0
   9  13  18  21  22
   3327  5  16709      0 0
   9  13  18  21  22
   4770  4   5863      0 0
   9  13  18  21
   5514  4   5751      0 0
   9  13  18  21
   5400  4  17768      0 0
   9  13  18  22
   4872  4  18068      0 0
   9  13  18  22
   3231  5   7028      0 0
   9  13  20  21  22
   4788  5   5737      0 0
   9  13  20  21  22
   3453  5  14860      0 0
   9  13  20  21  22
   4647  4   5823      0 0
   9  13  20  21
   4890  4  12925      0 0
   9  13  20  22
   5394  8   3602      0 0
  10  11  12  15  17  19  20  22
   6387  7   3587      0 0
  10  11  12  15  17  19  20
   6204  7   7804      0 0
  10  11  12  15  19  21  22
   5007  6  10979      0 0
  10  11  12  15  19  22
   3213  5  11093      0 0
  10  11  12  15  19
   4617  7  17909      0 0
  10  11  13  14  15  18  19
   4446  7  12766      0 0
  10  11  13  14  15  19  20
   4410  8  16674      0 0
  10  11  13  15  18  19  21  22
   2571  8   6630      0 0
  10  11  13  15  18  19  21  22
   4107  7   5359      0 0
  10  11  13  15  18  19  21
   6165  7  18037      0 0
  10  11  13  15  18  19  22
   6210  7   5393      0 0
  10  11  13  15  18  19  22
   2517  8   6612      0 0
  10  11  13  15  19  20  21  22
   4083  7   5325      0 0
  10  11  13  15  19  20  21
   5994  7  12894      0 0
  10  11  13  15  19  20  22
   6033  7  12568      0 0
  10  11  13  15  19  20  22
   6081  7   5309      0 0
  10  11  13  15  19  20  22
   3270  7  17404      0 0
  10  11  14  17  18  19  21
   5034  6  18430      0 0
  10  11  14  17  18  19
   3147  7  15534      0 0
  10  11  14  17  19  20  21
   4107  6   3557      0 0
  10  11  14  17  19  20
   4149  4   7508      0 0
  10  11  14  19
   3249  7   2045      0 0
  10  11  17  18  19  21  22
   4434  6   2030      0 0
  10  11  17  18  19  21
   3177  7   1808      0 0
  10  11  17  19  20  21  22
   4563  6   1793      0 0
  10  11  17  19  20  21
   2298  6   3572      0 0
  10  11  17  19  20  22
   3324  5   3544      0 0
  10  11  17  19  20
   2340  4   7520      0 0
  10  11  19  22
   3336  3   7498      0 0
  10  11  19
   4662  7  11161      0 0
  10  12  14  16  17  18  19
   4539  7  11129      0 0
  10  12  14  16  17  19  20
   5895  6   4263      0 0
  10  12  14  17  21  22
   4659  5  10950      0 0
  10  12  14  17  22
   2931  4  10883      0 0
  10  12  14  17
   5784  7    768      0 0
  10  12  16  17  18  19  22
   5607  7   3668      0 0
  10  12  16  17  19  20  22
   6159  7  11145      0 0
  10  12  16  17  19  20  22
   6429  6   8279      0 0
  10  12  16  19  21  22
   4860  5  10993      0 0
  10  12  16  19  22
   3066  4  11105      0 0
  10  12  16  19
   4743  5   1417      0 0
  10  12  17  21  22
   5817  4   1406      0 0
  10  12  17  21
   4125  4    741      0 0
  10  12  17  22
   5508  3    721      0 0
  10  12  17
   2715  7  16477      0 0
  10  13  14  16  18  19  21
   2403  7   6805      0 0
  10  13  14  16  18  19  22
   3819  6   5589      0 0
  10  13  14  16  18  19
   4374  6   8863      0 0
  10  13  14  16  18  19
   2280  7   6758      0 0
  10  13  14  16  19  20  22
   4299  6  12782      0 0
  10  13  14  16  19  20
   3696  6   5516      0 0
  10  13  14  16  19  20
   2658  7   6522      0 0
  10  13  14  17  18  21  22
   4185  7  16931      0 0
  10  13  14  17  18  21  22
   4224  6   5202      0 0
  10  13  14  17  18  21
   5055  6   1931      0 0
  10  13  14  17  18  21
   5853  6  17722      0 0
  10  13  14  17  18  22
   5886  6  17894      0 0
  10  13  14  17  18  22
   5814  6  18022      0 0
  10  13  14  17  18  22
   2637  7   6505      0 0
  10  13  14  17  20  21  22
   4203  6   5170      0 0
  10  13  14  17  20  21
   4884  6   3477      0 0
  10  13  14  17  20  22
   2559  6    119      0 0
  10  13  14  17  20  22
   5937  6   3438      0 0
  10  13  14  17  20  22
   3942  5   3369      0 0
  10  13  14  17  20
   4926  4   6240      0 0
  10  13  14  22
   1242  4   6478      0 0
  10  13  14  22
   5010  4   6554      0 0
  10  13  14  22
   2808  3   5145      0 0
  10  13  14
   2793  7   6696      0 0
  10  13  16  18  19  21  22
   4209  6   5456      0 0
  10  13  16  18  19  21
   5922  6   8908      0 0
  10  13  16  18  19  22
   2157  6   6775      0 0
  10  13  16  18  19  22
   6426  6   5664      0 0
  10  13  16  18  19  22
   2868  6   5619      0 0
  10  13  16  18  19  22
   3723  5   5576      0 0
  10  13  16  18  19
   2670  7   6679      0 0
  10  13  16  19  20  21  22
   4086  6   5424      0 0
  10  13  16  19  20  21
   6225  6   5279      0 0
  10  13  16  19  20  22
   5985  6  13051      0 0
  10  13  16  19  20  22
   2997  6   5546      0 0
  10  13  16  19  20  22
   2136  6   6728      0 0
  10  13  16  19  20  22
   5847  6  12910      0 0
  10  13  16  19  20  22
   3702  5   5503      0 0
  10  13  16  19  20
   5025  6   1989      0 0
  10  13  17  18  21  22
   4902  6   1752      0 0
  10  13  17  20  21  22
   4083  5   3464      0 0
  10  13  17  20  22
   1989  3   6458      0 0
  10  13  22
   4113  3   6230      0 0
  10  13  22
   3555  2   5129      0 0
  10  13
   2856  6   7960      0 0
  11  14  15  18  19  21
   6150  5  17844      0 0
  11  14  15  18  19
   2736  6   7866      0 0
  11  14  15  19  20  21
   5979  5  12701      0 0
  11  14  15  19  20
   3111  7   3619      0 0
  11  15  17  18  19  20  21
   4452  7  18136      0 0
  11  15  17  18  19  20  22
   6069  6   3636      0 0
  11  15  17  18  19  20
   6111  6  17032      0 0
  11  15  18  19  21  22
   1950  6  17095      0 0
  11  15  18  19  21  22
   1917  6   7992      0 0
  11  15  18  19  21  22
   1017  5  17469      0 0
  11  15  18  19  21
   2772  5   7946      0 0
  11  15  18  19  21
   4272  5  17643      0 0
  11  15  18  19  21
   3537  5  18272      0 0
  11  15  18  19  22
   2562  4  18471      0 0
  11  15  18  19
   5985  6  14763      0 0
  11  15  19  20  21  22
   5259  6   7882      0 0
  11  15  19  20  21  22
   6024  6  13790      0 0
  11  15  19  20  21  22
   5988  6  15165      0 0
  11  15  19  20  21  22
   2043  6   7898      0 0
  11  15  19  20  21  22
   2751  5   7852      0 0
  11  15  19  20  21
   1143  5  15613      0 0
  11  15  19  20  21
   3516  5  13096      0 0
  11  15  19  20  22
   5934  4  12625      0 0
  11  15  19  20
   2580  4  13376      0 0
  11  15  19  20
   3759  7   4100      0 0
  12  14  15  17  18  21  22
   4416  6    853      0 0
  12  14  15  17  18  21
   3636  7   4068      0 0
  12  14  15  17  20  21  22
   4443  6    810      0 0
  12  14  15  17  20  21
   4281  7   8174      0 0
  12  15  16  18  19  21  22
   5697  6   8159      0 0
  12  15  16  18  19  21
   4158  7   8142      0 0
  12  15  16  19  20  21  22
   5574  6   8127      0 0
  12  15  16  19  20  21
   3675  6    868      0 0
  12  15  17  18  21  22
   4530  5    840      0 0
  12  15  17  18  21
   3804  6    825      0 0
  12  15  17  20  21  22
   4509  5    797      0 0
  12  15  17  20  21
   6114  5    784      0 0
  12  15  17  20  22
   1284  2  11425      0 0
  12  15
   4770  6   4593      0 0
  13  14  15  18  21  22
   3783  6   6334      0 0
  13  14  15  18  21  22
   3798  5  16415      0 0
  13  14  15  18  21
   5445  4  17882      0 0
  13  14  15  18
   4647  6   4563      0 0
  13  14  15  20  21  22
   3852  6   6304      0 0
  13  14  15  20  21  22
   3927  5  14583      0 0
  13  14  15  20  21
   5364  4  12739      0 0
  13  14  15  20
   3939  5   6320      0 0
  13  15  18  21  22
   5268  5  16062      0 0
  13  15  18  21  22
   5505  4   5003      0 0
  13  15  18  21
   3915  5   6290      0 0
  13  15  20  21  22
   4776  5   4989      0 0
  13  15  20  21  22
   5481  4   4963      0 0
  13  15  20  21
   2514  6   3810      0 0
  14  16  17  18  19  20
   3081  5   8410      0 0
  14  16  18  19  21
   2304  4   8850      0 0
  14  16  18  19
   2958  5   8337      0 0
  14  16  19  20  21
   2304  4   8740      0 0
  14  16  19  20
   1641  5  16870      0 0
  14  17  18  21  22
   1608  5   4448      0 0
  14  17  18  21  22
   5655  5  16324      0 0
  14  17  18  21  22
   5805  4   2107      0 0
  14  17  18  21
   1137  4  16402      0 0
  14  17  18  21
   2925  4   1918      0 0
  14  17  18  21
   3861  4  16282      0 0
  14  17  18  21
   3990  4  15949      0 0
  14  17  18  21
   3189  4  18169      0 0
  14  17  18  22
   5046  3   2142      0 0
  14  17  18
   2682  3  17871      0 0
  14  17  18
   1737  5   4362      0 0
  14  17  20  21  22
   5535  5  14492      0 0
  14  17  20  21  22
   5028  5   4291      0 0
  14  17  20  21  22
   1266  4  14570      0 0
  14  17  20  21
   3867  4  14103      0 0
  14  17  20  21
   2442  4   4321      0 0
  14  17  20  21
   3738  4  14450      0 0
  14  17  20  21
   3207  4  12993      0 0
  14  17  20  22
   1815  3   3358      0 0
  14  17  20
   4863  3   3427      0 0
  14  17  20
   5445  3  12676      0 0
  14  17  20
   1047  1   4006      0 0
  14
   2187  7   3700      0 0
  16  17  18  19  20  21  22
   3111  7   2078      0 0
  16  17  18  19  20  21  22
   3045  6   3684      0 0
  16  17  18  19  20  21
   1872  6   3842      0 0
  16  17  18  19  20  22
   4317  6  18153      0 0
  16  17  18  19  20  22
   6276  5   3874      0 0
  16  17  18  19  20
   2727  5   3782      0 0
  16  17  18  19  20
   1866  5  17111      0 0
  16  18  19  21  22
   1851  5   8440      0 0
  16  18  19  21  22
   5610  5   7414      0 0
  16  18  19  21  22
    930  4  17483      0 0
  16  18  19  21
   2706  4   8397      0 0
  16  18  19  21
   1536  4   8923      0 0
  16  18  19  22
   4821  4   8895      0 0
  16  18  19  22
   5892  3  18629      0 0
  16  18  19
   2391  3   8839      0 0
  16  18  19
   5487  5   7399      0 0
  16  19  20  21  22
   1977  5   8367      0 0
  16  19  20  21  22
   2682  4   8324      0 0
  16  19  20  21
   1059  4  15627      0 0
  16  19  20  21
   1662  4   8813      0 0
  16  19  20  22
   6195  3   8225      0 0
  16  19  20
   5790  3  12637      0 0
  16  19  20
   2367  3   8718      0 0
  16  19  20
   5574  4  16584      0 0
  17  18  21  22
   2349  4  16758      0 0
  17  18  21  22
   3891  4   2017      0 0
  17  18  21  22
   2286  4   2004      0 0
  17  18  21  22
   3141  3   1896      0 0
  17  18  21
   5316  3   1907      0 0
  17  18  21
   3894  3  18080      0 0
  17  18  22
   4842  2   2133      0 0
  17  18
   2415  4   1767      0 0
  17  20  21  22
   2475  4  14909      0 0
  17  20  21  22
   3837  4   1326      0 0
  17  20  21  22
   5262  3   1302      0 0
  17  20  21
   3120  3   1659      0 0
  17  20  21
   2979  3   3453      0 0
  17  20  22
   1173  3   3492      0 0
  17  20  22
   1878  2   3340      0 0
  17  20
   4467  2   3349      0 0
  17  20
    234  1  14039      0 0
  21
    156  1   6282      0 0
  22
