       23      619 12345678 12345678 0.123457E+01
   4772  5   8612      0 0
   1   2   5  11  13
   3732  6   8599      0 0
   1   2  11  13  21  22
   3830  5   8449      0 0
   1   3   7  13  16
   4724  5   7221      0 0
   1   3  13  15  16
   4136  6   6302      0 0
   1   4  12  15  16  21
   3950  6   8533      0 0
   1   5   9  13  15  16
   2628  6   8427      0 0
   1   5  11  12  13  23
   4844  6   5000      0 0
   1   5  11  12  18  20
   2662  4   8589      0 0
   1   5  11  13
   1902  7   8329      0 0
   1   5  12  13  17  19  23
   4662  5   8270      0 0
   1   5  12  13  19
   2292  6   8353      0 0
   1   7  12  13  16  23
   4924  7   2834      0 0
   1   7  12  14  15  16  18
   4514  6   4963      0 0
   1   7  12  16  18  20
   4894  6   8461      0 0
   1   7  13  14  16  22
   2326  4   8439      0 0
   1   7  13  16
   5372  5  10404      0 0
   1   7  14  16  17
   4358  6    658      0 0
   1   8  12  15  16  20
   3846  7   8507      0 0
   1   8  13  15  16  20  22
   4368  6   1135      0 0
   1   8  15  16  17  20
   3332  6   1895      0 0
   1   9  12  15  16  21
   4730  5   1884      0 0
   1   9  12  21  22
   2912  7   8520      0 0
   1   9  13  15  16  21  22
   2478  4   8624      0 0
   1  10  11  13
   1588  7   8414      0 0
   1  11  12  13  21  22  23
   4614  6   9170      0 0
   1  11  12  14  21  22
   3806  7   4987      0 0
   1  11  12  18  20  21  22
   2852  6   8566      0 0
   1  11  13  15  16  21
   1618  5   8578      0 0
   1  11  13  21  22
   4324  5   7718      0 0
   1  11  13  21  22
   4664  6  10426      0 0
   1  11  14  17  21  22
   3438  6   7889      0 0
   1  12  13  15  16  23
    836  6    197      0 0
   1  12  13  15  16  23
   3332  6   8292      0 0
   1  12  13  15  16  23
   3012  7   8365      0 0
   1  12  13  16  20  22  23
    864  8   8315      0 0
   1  12  13  17  19  21  22  23
   3622  6   8258      0 0
   1  12  13  19  21  22
   2014  5   8342      0 0
   1  12  13  22  23
   4834  5   7878      0 0
   1  12  13  22  23
   2136  5   8304      0 0
   1  12  13  22  23
   3720  7  10391      0 0
   1  12  14  15  16  17  23
   3708  5   9159      0 0
   1  12  14  15  16
   5060  6  10379      0 0
   1  12  14  17  22  23
   2894  6   4975      0 0
   1  12  15  16  18  20
   4286  5   4952      0 0
   1  12  18  20  22
   4902  7   4763      0 0
   1  13  15  16  18  20  22
    712  4   8545      0 0
   1  13  15  16
   3006  7   8473      0 0
   1  13  16  17  20  22  23
   3046  5   8486      0 0
   1  13  16  20  22
   2104  3   8249      0 0
   1  13  22
   3758  5  10415      0 0
   1  14  15  16  17
   5150  4  10357      0 0
   1  14  17  22
   3310  4  11938      0 0
   2   3   4  10
   5052  4   7114      0 0
   2   3   6   9
   4956  6   6778      0 0
   2   4   5  17  19  21
   4196  5   6602      0 0
   2   4   6  11  21
   4562  3   6653      0 0
   2   4   6
   5444  5   6842      0 0
   2   4   7  16  21
   4490  5  12345      0 0
   2   4  10  14  22
   3972  5  11656      0 0
   2   4  10  15  18
   3212  3  11865      0 0
   2   4  10
   3692  7   6828      0 0
   2   4  12  15  16  21  23
   5040  6   6815      0 0
   2   4  12  21  22  23
   3730  5   6854      0 0
   2   4  15  16  21
   5096  6   6765      0 0
   2   4  17  21  22  23
   4894  4   6663      0 0
   2   4  21  22
   4764  5   2250      0 0
   2   5   9  11  21
   5104  6   9641      0 0
   2   5  11  12  14  23
   4290  7   5477      0 0
   2   5  11  12  18  20  23
   4868  5   8113      0 0
   2   5  11  13  23
   5214  6  10754      0 0
   2   5  11  14  17  23
   4326  5   6110      0 0
   2   5  11  18  20
   4984  6   3154      0 0
   2   6   7  11  14  18
   4734  5   1480      0 0
   2   6   8   9  15
   4412  5    960      0 0
   2   6   8  11  20
   3386  5   2238      0 0
   2   6   9  11  21
   3758  3   2405      0 0
   2   6   9
   3738  6   9614      0 0
   2   6  11  12  14  23
   2972  7   5448      0 0
   2   6  11  12  18  20  23
   3498  5   8088      0 0
   2   6  11  13  23
   3838  6  10727      0 0
   2   6  11  14  17  23
   3762  4  10056      0 0
   2   6  11  14
   2948  5   6071      0 0
   2   6  11  18  20
   5390  4   7576      0 0
   2   6  13  19
   4800  6   4580      0 0
   2   6  17  18  19  20
   5318  7   3167      0 0
   2   7  11  14  18  21  22
   5066  6   1492      0 0
   2   8   9  15  21  22
   4744  6    972      0 0
   2   8  11  20  21  22
   4952  3   2426      0 0
   2   9  10
   4090  4   2415      0 0
   2   9  21  22
   4618  4  12232      0 0
   2  10  11  14
   4618  4     52      0 0
   2  10  11  14
   3356  5  11581      0 0
   2  10  11  18  20
   4892  4  12042      0 0
   2  10  13  19
   4042  4   7642      0 0
   2  10  13  19
   3930  5  12141      0 0
   2  10  14  17  19
   2668  6  11498      0 0
   2  10  17  18  19  20
   4058  7   9627      0 0
   2  11  12  14  21  22  23
   3252  8   5462      0 0
   2  11  12  18  20  21  22  23
   3830  6   8100      0 0
   2  11  13  21  22  23
   5330  6  10067      0 0
   2  11  14  15  16  21
   4170  7  10740      0 0
   2  11  14  17  21  22  23
   4094  5  10080      0 0
   2  11  14  21  22
   4516  7   6083      0 0
   2  11  15  16  18  20  21
   3280  6   6097      0 0
   2  11  18  20  21  22
   4480  6   7629      0 0
   2  13  15  16  19  21
   4704  7   8959      0 0
   2  14  15  16  17  19  21
   3890  8   4660      0 0
   2  15  16  17  18  19  20  21
   5132  7   4593      0 0
   2  17  18  19  20  21  22
   4622  5   6468      0 0
   3   4   7  16  21
   2416  5  12006      0 0
   3   4  10  14  22
   1864  5  11670      0 0
   3   4  10  15  18
   3776  3  10868      0 0
   3   4  10
   1156  3  11926      0 0
   3   4  10
   4340  5    328      0 0
   3   5   7   8   9
   4532  6   9724      0 0
   3   5   7   9  14  16
   3718  7   5579      0 0
   3   5   7   9  16  18  20
   2966  5   2539      0 0
   3   5   7   9  18
   4610  6   2565      0 0
   3   5   7  13  18  19
   3948  5   7058      0 0
   3   5   9  11  21
   3224  6   6921      0 0
   3   5   9  17  19  21
   1798  3   7104      0 0
   3   5   9
   4072  5   7357      0 0
   3   5  11  13  23
   3346  6   7247      0 0
   3   5  13  17  19  23
   3442  4   7186      0 0
   3   5  13  19
   3866  5   2474      0 0
   3   6   7   9  18
   3380  6   2578      0 0
   3   6   7  13  18  19
   2720  5   7046      0 0
   3   6   9  11  21
   2692  3   6898      0 0
   3   6   9
   2842  5   7332      0 0
   3   6  11  13  23
   2206  4   7210      0 0
   3   6  13  19
   3294  6    315      0 0
   3   7   8   9  21  22
   3458  6    340      0 0
   3   7   8  13  22  23
   4844  5    826      0 0
   3   7   8  16  20
   3996  3    305      0 0
   3   7   8
   3486  7   9710      0 0
   3   7   9  14  16  21  22
   3156  7   2499      0 0
   3   7   9  15  16  18  21
   2678  8   5564      0 0
   3   7   9  16  18  20  21  22
   3608  5   6985      0 0
   3   7   9  16  21
   1922  6   2513      0 0
   3   7   9  18  21  22
   4152  6   9434      0 0
   3   7  12  14  16  23
   3344  7   5267      0 0
   3   7  12  16  18  20  23
   3648  7   9737      0 0
   3   7  13  14  16  22  23
   3280  7   2604      0 0
   3   7  13  15  16  18  23
   2840  8   5593      0 0
   3   7  13  16  18  20  22  23
   3730  5   7271      0 0
   3   7  13  16  23
   3570  7   2551      0 0
   3   7  13  18  19  21  22
   2084  6   2618      0 0
   3   7  13  18  22  23
   4264  6  10547      0 0
   3   7  14  16  17  23
   4188  4   9699      0 0
   3   7  14  16
   3374  5   5552      0 0
   3   7  16  18  20
   2624  3   2464      0 0
   3   7  18
   3744  3  11889      0 0
   3   9  10
   1958  7   6971      0 0
   3   9  12  15  16  21  23
   3300  6   6958      0 0
   3   9  12  21  22  23
   1988  5   7022      0 0
   3   9  15  16  21
   4328  6   6997      0 0
   3   9  16  20  21  22
   3356  6   6908      0 0
   3   9  17  21  22  23
    754  4   7082      0 0
   3   9  21  22
   3336  4   6934      0 0
   3   9  21  22
   2594  4  11979      0 0
   3  10  11  14
   2872  4  11901      0 0
   3  10  13  19
   1924  5  11965      0 0
   3  10  14  17  19
   3026  6   7344      0 0
   3  11  13  21  22  23
   3638  6   7161      0 0
   3  13  15  16  19  21
   2112  5   7308      0 0
   3  13  15  16  23
   4450  6   7283      0 0
   3  13  16  20  22  23
   2302  7   7233      0 0
   3  13  17  19  21  22  23
   2402  5   7174      0 0
   3  13  19  21  22
    916  4   7381      0 0
   3  13  22  23
    240  1   7403      0 0
   3
   3974  4  11064      0 0
   4   5   9  10
   3960  4  11799      0 0
   4   5   9  10
   4744  6   6527      0 0
   4   5   9  15  16  21
   2782  5  11838      0 0
   4   5  10  11  14
   3088  5  11811      0 0
   4   5  10  13  19
   2110  6  11824      0 0
   4   5  10  14  17  19
   3424  6   6434      0 0
   4   5  11  12  21  23
   3460  4   6592      0 0
   4   5  11  21
   2700  7   6337      0 0
   4   5  12  17  19  21  23
   4814  6   6254      0 0
   4   5  13  19  21  22
   2734  5   6221      0 0
   4   5  17  19  21
    190  2      1      0 0
   4   5
   2200  6   6422      0 0
   4   6  11  12  21  23
   2230  4   6572      0 0
   4   6  11  21
   3972  5   6291      0 0
   4   6  12  19  21
   3584  6   6266      0 0
   4   6  13  19  21  22
   3634  5   6210      0 0
   4   6  17  19  21
   2208  2   6168      0 0
   4   6
   4494  4  11332      0 0
   4   7  10  18
   3088  6   6361      0 0
   4   7  12  16  21  23
   3118  4   6458      0 0
   4   7  16  21
   4444  4  10989      0 0
   4   8  10  15
   3940  5  11197      0 0
   4   8  10  20  22
   3894  5  10976      0 0
   4   8  10  20  22
   4638  7   6514      0 0
   4   8  15  16  20  21  22
   2960  5  11051      0 0
   4   9  10  21  22
   3204  4  11777      0 0
   4  10  11  21
   3148  5  11146      0 0
   4  10  13  22  23
   3778  5  12219      0 0
   4  10  14  15  16
   3040  6  11738      0 0
   4  10  14  15  18  22
   2326  6  12307      0 0
   4  10  14  17  22  23
   4842  4  12155      0 0
   4  10  14  22
   2332  4  12333      0 0
   4  10  14  22
   2518  6  11567      0 0
   4  10  15  16  18  20
   1766  4  11644      0 0
   4  10  15  18
   2478  5  11764      0 0
   4  10  17  19  21
   3580  5  11513      0 0
   4  10  18  20  22
   1054  2  11789      0 0
   4  10
   1130  2   6747      0 0
   4  10
   1470  6   6398      0 0
   4  12  15  16  21  23
   3932  6   6446      0 0
   4  12  15  16  21  23
   3808  7   6373      0 0
   4  12  16  20  21  22  23
   2812  5   6350      0 0
   4  12  21  22  23
   3484  7   6278      0 0
   4  13  15  16  21  22  23
   4062  6   6187      0 0
   4  15  16  17  21  23
   4086  4   6504      0 0
   4  15  16  21
   1506  4   6552      0 0
   4  15  16  21
   3798  7   6480      0 0
   4  16  17  20  21  22  23
   3838  5   6493      0 0
   4  16  20  21  22
   2868  5   6199      0 0
   4  17  21  22  23
    550  3   6636      0 0
   4  21  22
   4950  6    378      0 0
   5   7   8  14  17  19
   4212  7   2993      0 0
   5   7  11  12  14  18  23
   4998  7   5718      0 0
   5   7  11  14  16  18  20
   4248  5   3143      0 0
   5   7  11  14  18
   3488  8   2887      0 0
   5   7  12  14  17  18  19  23
   4328  8   5637      0 0
   5   7  14  16  17  18  19  20
   3578  6   2746      0 0
   5   7  14  17  18  19
   3632  6   1436      0 0
   5   8   9  11  15  21
   4964  6    861      0 0
   5   8   9  15  16  20
   2906  7   1349      0 0
   5   8   9  15  17  19  21
   1638  4   1470      0 0
   5   8   9  15
   3644  6    804      0 0
   5   8  11  12  20  23
   3754  6   1675      0 0
   5   8  11  13  15  23
   3716  6   1231      0 0
   5   8  11  17  20  23
   3680  4    950      0 0
   5   8  11  20
   2920  7    707      0 0
   5   8  12  17  19  20  23
   3030  7   1601      0 0
   5   8  13  15  17  19  23
   3130  5   1552      0 0
   5   8  13  15  19
   5090  6    598      0 0
   5   8  13  19  20  22
   5038  7   3740      0 0
   5   8  15  17  18  19  20
   3010  5    565      0 0
   5   8  17  19  20
   2620  6   2049      0 0
   5   9  11  12  21  23
   4896  6   4038      0 0
   5   9  11  15  18  21
   2656  4   2228      0 0
   5   9  11  21
   4280  7   9498      0 0
   5   9  12  14  15  16  23
   3466  8   5322      0 0
   5   9  12  15  16  18  20  23
   1896  7   1952      0 0
   5   9  12  17  19  21  23
   4654  5   1862      0 0
   5   9  12  19  21
   4044  6   7982      0 0
   5   9  13  15  16  23
   4010  6   1825      0 0
   5   9  13  19  21  22
   4390  7  10611      0 0
   5   9  14  15  16  17  23
   4316  5   9869      0 0
   5   9  14  15  16
   3502  6   5804      0 0
   5   9  15  16  18  20
   4170  7   3951      0 0
   5   9  15  17  18  19  21
   2750  4   4072      0 0
   5   9  15  18
   4448  5   2295      0 0
   5   9  17  19  21
   1930  5   1792      0 0
   5   9  17  19  21
    960  2   2397      0 0
   5   9
   2996  5   9603      0 0
   5  11  12  14  23
   2182  6   5436      0 0
   5  11  12  18  20  23
   5064  6   9092      0 0
   5  11  13  14  22  23
   5018  6   4240      0 0
   5  11  13  15  18  23
   4250  7   4855      0 0
   5  11  13  18  20  22  23
   4282  5   7546      0 0
   5  11  13  19  21
   2760  4   8078      0 0
   5  11  13  23
   4450  6   9956      0 0
   5  11  14  17  19  21
   3106  5  10716      0 0
   5  11  14  17  23
   3026  3  10047      0 0
   5  11  14
   3636  7   5938      0 0
   5  11  17  18  19  20  21
   4828  6   4405      0 0
   5  11  17  18  20  23
   2218  4   6061      0 0
   5  11  18  20
   4352  7   9397      0 0
   5  12  13  14  19  22  23
   3538  8   5227      0 0
   5  12  13  18  19  20  22  23
   4760  5   7856      0 0
   5  12  13  19  23
   2270  6   9361      0 0
   5  12  14  17  19  23
   4930  6   9285      0 0
   5  12  14  17  19  23
   5030  4   9127      0 0
   5  12  14  19
   4154  7   3346      0 0
   5  12  17  18  19  20  23
   1458  7   5203      0 0
   5  12  17  18  19  20  23
   4216  5   4917      0 0
   5  12  18  19  20
   4340  7   9043      0 0
   5  13  14  17  19  22  23
   4440  5   9008      0 0
   5  13  14  19  22
   5144  7   5830      0 0
   5  13  15  16  18  19  20
   4294  7   4166      0 0
   5  13  15  17  18  19  23
   4394  5   4117      0 0
   5  13  15  18  19
   3526  8   4776      0 0
   5  13  17  18  19  20  22  23
   2036  5   7811      0 0
   5  13  17  19  23
   3626  6   4725      0 0
   5  13  18  19  20  22
   2136  3   7567      0 0
   5  13  19
   2354  4   8913      0 0
   5  14  17  19
   1546  5   4569      0 0
   5  17  18  19  20
   4204  5   4310      0 0
   5  17  18  19  20
   4392  5    448      0 0
   6   7   8  11  14
   2990  7   2966      0 0
   6   7  11  12  14  18  23
   3776  7   5691      0 0
   6   7  11  14  16  18  20
   3018  5   3096      0 0
   6   7  11  14  18
   4760  6   2822      0 0
   6   7  12  14  18  19
   4426  7   2782      0 0
   6   7  13  14  18  19  22
   4476  6   2694      0 0
   6   7  14  17  18  19
   2444  6   1424      0 0
   6   8   9  11  15  21
   2380  4   1326      0 0
   6   8   9  15
   2784  6    779      0 0
   6   8  11  12  20  23
   2660  6   1650      0 0
   6   8  11  13  15  23
   4486  6   3802      0 0
   6   8  11  15  18  20
   2650  6   1206      0 0
   6   8  11  17  20  23
   2586  4    896      0 0
   6   8  11  20
   4186  5    647      0 0
   6   8  12  19  20
   1930  5   1576      0 0
   6   8  13  15  19
   3854  6    610      0 0
   6   8  13  19  20  22
   3548  7   3854      0 0
   6   8  15  17  18  19  20
   3902  5    517      0 0
   6   8  17  19  20
   1780  5   1124      0 0
   6   8  17  19  20
   3472  5  11307      0 0
   6   9  10  13  19
   1962  6   2037      0 0
   6   9  11  12  21  23
   3672  6   4026      0 0
   6   9  11  15  18  21
   1764  4   2208      0 0
   6   9  11  21
   3162  5   1873      0 0
   6   9  12  19  21
   2774  6   1837      0 0
   6   9  13  19  21  22
   4400  6   5753      0 0
   6   9  15  16  18  20
   3644  4   3928      0 0
   6   9  15  18
   2824  5   1781      0 0
   6   9  17  19  21
    192  2   2448      0 0
   6   9
   3888  5   9555      0 0
   6  11  12  14  23
   2216  5   9544      0 0
   6  11  12  14  23
   1448  6   5372      0 0
   6  11  12  18  20  23
   3080  6   5384      0 0
   6  11  12  18  20  23
   3422  6   5505      0 0
   6  11  12  18  20  23
   3836  6   9080      0 0
   6  11  13  14  22  23
   3794  6   4215      0 0
   6  11  13  15  18  23
   3028  7   4842      0 0
   6  11  13  18  20  22  23
   3058  5   7535      0 0
   6  11  13  19  21
   1888  4   8024      0 0
   6  11  13  23
   4000  4   8137      0 0
   6  11  13  23
   5250  5   9764      0 0
   6  11  14  16  20
   3276  6   8878      0 0
   6  11  14  17  19  21
   4340  5  10780      0 0
   6  11  14  17  23
   1878  5  10657      0 0
   6  11  14  17  23
   2018  3   9926      0 0
   6  11  14
   2468  7   4531      0 0
   6  11  17  18  19  20  21
   3606  6   4380      0 0
   6  11  17  18  20  23
   1250  4   5905      0 0
   6  11  18  20
   3114  7   9410      0 0
   6  12  13  14  19  22  23
   2306  8   5241      0 0
   6  12  13  18  19  20  22  23
   3272  5   7867      0 0
   6  12  13  19  23
   3164  6   9309      0 0
   6  12  14  17  19  23
   3536  4   9149      0 0
   6  12  14  19
   2356  7   5162      0 0
   6  12  17  18  19  20  23
   2724  5   4941      0 0
   6  12  18  19  20
   4626  6   9893      0 0
   6  13  14  15  16  19
   3226  7  10461      0 0
   6  13  14  17  19  22  23
   3204  5   9032      0 0
   6  13  14  19  22
   3810  7   5843      0 0
   6  13  15  16  18  19  20
   3054  5   4141      0 0
   6  13  15  18  19
   2934  5   7763      0 0
   6  13  17  19  23
   2390  6   4751      0 0
   6  13  18  19  20  22
   1158  3   7620      0 0
   6  13  19
   4304  6   9788      0 0
   6  14  16  17  19  20
   3254  4   8756      0 0
   6  14  17  19
    892  4  10319      0 0
   6  14  17  19
   2440  5   4428      0 0
   6  17  18  19  20
   3296  6   1399      0 0
   7   8   9  15  16  21
   4576  6    459      0 0
   7   8  11  14  21  22
   3632  7    424      0 0
   7   8  12  14  15  16  23
   4972  6    412      0 0
   7   8  12  14  22  23
   3310  6    731      0 0
   7   8  12  16  20  23
   3420  6   1625      0 0
   7   8  13  15  16  23
   5428  8   3043      0 0
   7   8  14  15  16  18  20  22
   3666  5    437      0 0
   7   8  14  15  16
   3906  7    365      0 0
   7   8  14  17  19  21  22
   5082  6    353      0 0
   7   8  14  17  22  23
   5062  4    390      0 0
   7   8  14  22
   5284  6   5741      0 0
   7   8  15  16  18  20
   4526  4   3703      0 0
   7   8  15  18
   3380  6   1158      0 0
   7   8  16  17  20  23
   3340  4    816      0 0
   7   8  16  20
   1032  2    267      0 0
   7   8
   1032  2   1709      0 0
   7   8
   4504  4  11320      0 0
   7   9  10  18
   2436  6   1976      0 0
   7   9  12  16  21  23
   4492  8   3057      0 0
   7   9  14  15  16  18  21  22
   4884  6   2106      0 0
   7   9  14  16  21  22
   4560  6   4001      0 0
   7   9  15  16  18  21
   2314  4   2084      0 0
   7   9  16  21
   4782  4   2178      0 0
   7   9  16  21
   3278  5  11358      0 0
   7  10  11  14  18
   2608  6  11344      0 0
   7  10  14  17  18  19
   3174  8   2979      0 0
   7  11  12  14  18  21  22  23
   4438  7   3118      0 0
   7  11  14  15  16  18  21
   3960  8   5704      0 0
   7  11  14  16  18  20  21  22
   4834  5  10015      0 0
   7  11  14  16  21
   3202  6   3131      0 0
   7  11  14  18  21  22
   4026  6   6002      0 0
   7  11  16  18  20  21
   4916  7   2847      0 0
   7  12  14  15  16  18  23
   2258  7   2940      0 0
   7  12  14  15  16  18  23
   4410  8   5281      0 0
   7  12  14  16  18  20  22  23
   4356  8   5677      0 0
   7  12  14  16  18  20  22  23
   2690  5   9423      0 0
   7  12  14  16  23
   5118  5   9511      0 0
   7  12  14  16  23
   2448  9   2872      0 0
   7  12  14  17  18  19  21  22  23
   5208  7   2809      0 0
   7  12  14  18  19  21  22
   3600  6   2901      0 0
   7  12  14  18  22  23
   1922  6   5255      0 0
   7  12  16  18  20  23
   4310  6   5336      0 0
   7  12  16  18  20  23
   4326  8   2795      0 0
   7  13  14  15  16  18  22  23
   4724  6   9056      0 0
   7  13  14  16  22  23
   4682  6   4190      0 0
   7  13  15  16  18  23
   3916  7   4790      0 0
   7  13  16  18  20  22  23
   3946  5   7479      0 0
   7  13  16  19  21
   2420  4   7901      0 0
   7  13  16  23
   3768  8   2719      0 0
   7  14  15  16  17  18  19  21
   4906  7   2669      0 0
   7  14  15  16  17  18  23
   2294  5   3085      0 0
   7  14  15  16  18
   3288  9   5622      0 0
   7  14  16  17  18  19  20  21  22
   4466  8   5608      0 0
   7  14  16  17  18  20  22  23
   4164  6   8817      0 0
   7  14  16  17  19  21
   5228  5  10624      0 0
   7  14  16  17  23
   2764  5  10536      0 0
   7  14  16  17  23
   4440  6   5651      0 0
   7  14  16  18  20  22
   2690  3   9690      0 0
   7  14  16
   2532  7   2733      0 0
   7  14  17  18  19  21  22
   3710  6   2682      0 0
   7  14  17  18  22  23
   3688  4   2772      0 0
   7  14  18  22
   3356  7   4479      0 0
   7  16  17  18  19  20  21
   4494  6   4356      0 0
   7  16  17  18  20  23
   1876  4   5542      0 0
   7  16  18  20
   1452  2   2456      0 0
   7  18
   3820  4   1505      0 0
   8   9  10  15
   2984  7   1386      0 0
   8   9  12  15  21  22  23
   3834  7   2152      0 0
   8   9  15  16  20  21  22
   3040  7   1336      0 0
   8   9  15  17  21  22  23
   1236  5   1448      0 0
   8   9  15  21  22
   3496  4    985      0 0
   8  10  11  20
   2946  5   1563      0 0
   8  10  13  15  19
   2826  5    576      0 0
   8  10  17  19  20
   2908  5   1111      0 0
   8  10  17  19  20
   2600  7    791      0 0
   8  11  12  20  21  22  23
   2710  7   1662      0 0
   8  11  13  15  21  22  23
   3870  6    927      0 0
   8  11  15  16  20  21
   4670  7   3814      0 0
   8  11  15  18  20  21  22
   2670  7   1218      0 0
   8  11  17  20  21  22  23
   2636  5    939      0 0
   8  11  20  21  22
   5242  5   1041      0 0
   8  11  20  21  22
   4170  8   9470      0 0
   8  12  14  15  16  20  22  23
   2098  6    755      0 0
   8  12  15  16  20  23
   5066  7   3777      0 0
   8  12  15  18  20  22  23
   1980  8    693      0 0
   8  12  17  19  20  21  22  23
   4634  6    635      0 0
   8  12  19  20  21  22
   3032  5    720      0 0
   8  12  20  22  23
   3760  7    622      0 0
   8  13  15  16  20  22  23
   1984  8   1587      0 0
   8  13  15  17  19  21  22  23
   2086  6   1540      0 0
   8  13  15  19  21  22
   1358  5   1687      0 0
   8  13  15  22  23
   4158  8   9831      0 0
   8  14  15  16  17  20  22  23
   4204  6   9845      0 0
   8  14  15  16  20  22
   3200  7    540      0 0
   8  15  16  17  19  20  21
   1966  6   1182      0 0
   8  15  16  17  20  23
   4224  6   1194      0 0
   8  15  16  17  20  23
   1900  4    886      0 0
   8  15  16  20
   3998  8   3726      0 0
   8  15  17  18  19  20  21  22
   2594  7   3880      0 0
   8  15  17  18  20  22  23
   5206  7   3893      0 0
   8  15  17  18  20  22  23
   2640  5   3906      0 0
   8  15  18  20  22
   1426  2   1318      0 0
   8  15
   4540  6    528      0 0
   8  17  19  20  21  22
   1964  6    553      0 0
   8  17  19  20  21  22
   2046  6   1088      0 0
   8  17  19  20  21  22
   1348  5   1243      0 0
   8  17  20  22  23
   3142  5    506      0 0
   8  17  20  22  23
   3122  3    589      0 0
   8  20  22
   1498  3   1300      0 0
   8  20  22
   2472  4   2262      0 0
   9  10  11  21
   4948  4  12321      0 0
   9  10  14  22
   4298  4  11434      0 0
   9  10  15  18
   1746  5   1803      0 0
   9  10  17  19  21
   2532  5  11026      0 0
   9  10  17  19  21
   2844  2   2438      0 0
   9  10
   3630  2  11076      0 0
   9  10
   3234  8   9484      0 0
   9  12  14  15  16  21  22  23
   2426  9   5307      0 0
   9  12  15  16  18  20  21  22  23
   1278  6   2013      0 0
   9  12  15  16  21  23
   3248  6   2001      0 0
   9  12  15  16  21  23
   4252  7   3988      0 0
   9  12  15  18  21  22  23
   3004  7   1988      0 0
   9  12  16  20  21  22  23
   2008  5   1965      0 0
   9  12  21  22  23
   4672  5   1907      0 0
   9  12  21  22  23
   4476  5   2061      0 0
   9  12  21  22  23
   2680  7   1849      0 0
   9  13  15  16  21  22  23
   3344  8  10597      0 0
   9  14  15  16  17  21  22  23
   3270  6   9857      0 0
   9  14  15  16  21  22
   3258  6   1758      0 0
   9  15  16  17  21  23
   5280  7   4013      0 0
   9  15  16  18  20  21  22
   2456  7   5778      0 0
   9  15  16  18  20  21  22
   3282  4   2142      0 0
   9  15  16  21
   1080  4   2188      0 0
   9  15  16  21
   4308  7   3938      0 0
   9  15  17  18  21  22  23
   1706  5   4050      0 0
   9  15  18  21  22
   2994  7   2118      0 0
   9  16  17  20  21  22  23
   3034  5   2131      0 0
   9  16  20  21  22
   2064  5   1770      0 0
   9  17  21  22  23
    556  3   2379      0 0
   9  21  22
   2042  3   1816      0 0
   9  21  22
   2474  5  12206      0 0
  10  11  12  14  23
   1212  6  11553      0 0
  10  11  12  18  20  23
   2576  4   8125      0 0
  10  11  13  23
   3426  4  12068      0 0
  10  11  13  23
   3218  5  11711      0 0
  10  11  14  15  18
   2584  5  12294      0 0
  10  11  14  17  23
   2510  3  12245      0 0
  10  11  14
   2032  4   6148      0 0
  10  11  18  20
   1248  4  11595      0 0
  10  11  18  20
   1750  6  12192      0 0
  10  12  14  17  19  23
   4508  4  12180      0 0
  10  12  14  19
   3248  5  11540      0 0
  10  12  18  19  20
   4076  5  12373      0 0
  10  13  14  19  22
   3918  5  12167      0 0
  10  13  14  19  22
   3426  5  11446      0 0
  10  13  15  18  19
   3510  5  11684      0 0
  10  13  15  18  19
   1852  5   7822      0 0
  10  13  17  19  23
   2658  6  11526      0 0
  10  13  18  19  20  22
   4468  3   7609      0 0
  10  13  19
   1952  3   7598      0 0
  10  13  19
   2802  3  12020      0 0
  10  13  19
   2546  6  11697      0 0
  10  14  15  17  18  19
   4582  4  10914      0 0
  10  14  17  19
   2292  4  10295      0 0
  10  14  17  19
   1838  4  12117      0 0
  10  14  17  19
   2170  4   8935      0 0
  10  14  17  19
   4498  4  12105      0 0
  10  14  17  19
   3172  5  11607      0 0
  10  17  18  19  20
   3878  5   4633      0 0
  10  17  18  19  20
   3236  5  11459      0 0
  10  17  18  19  20
    734  5  11472      0 0
  10  17  18  19  20
   3186  7  10002      0 0
  11  12  14  15  16  21  23
   4414  6   9678      0 0
  11  12  14  21  22  23
   1950  6   9591      0 0
  11  12  14  21  22  23
   4528  6   9990      0 0
  11  12  14  21  22  23
   2372  8   5409      0 0
  11  12  15  16  18  20  21  23
   1136  7   5423      0 0
  11  12  18  20  21  22  23
   3720  7   5975      0 0
  11  12  18  20  21  22  23
   2950  6   8055      0 0
  11  13  15  16  21  23
   3978  7   4227      0 0
  11  13  15  18  21  22  23
   4184  5   8147      0 0
  11  13  21  22  23
   1716  5   8067      0 0
  11  13  21  22  23
   3296  7  10691      0 0
  11  14  15  16  17  21  23
   3222  5  10026      0 0
  11  14  15  16  21
   2060  6  10704      0 0
  11  14  17  21  22  23
   4638  6  10679      0 0
  11  14  17  21  22  23
   1986  4  10037      0 0
  11  14  21  22
   4870  6   6038      0 0
  11  15  16  18  20  21
   2408  6   6026      0 0
  11  15  16  18  20  21
   3776  7   5925      0 0
  11  17  18  20  21  22  23
   1172  5   6050      0 0
  11  18  20  21  22
   3748  5   5951      0 0
  11  18  20  21  22
   2292  7   7466      0 0
  12  13  15  16  19  21  23
   3638  6   7454      0 0
  12  13  19  21  22  23
   2462  8   9334      0 0
  12  14  15  16  17  19  21  23
   5220  6   9104      0 0
  12  14  15  16  19  21
   1532  5   9522      0 0
  12  14  15  16  23
   3700  5   9228      0 0
  12  14  15  16  23
   3374  6   9447      0 0
  12  14  16  20  22  23
   3802  7   9321      0 0
  12  14  17  19  21  22  23
   1412  7   9348      0 0
  12  14  17  19  21  22  23
   3986  5   9116      0 0
  12  14  19  21  22
   2382  4   9387      0 0
  12  14  22  23
   4406  7   4892      0 0
  12  15  16  18  19  20  21
    764  6   5348      0 0
  12  15  16  18  20  23
   2810  6   5295      0 0
  12  15  16  18  20  23
   3048  8   4465      0 0
  12  17  18  19  20  21  22  23
    646  8   5189      0 0
  12  17  18  19  20  21  22  23
   3172  6   4905      0 0
  12  18  19  20  21  22
   1568  5   5216      0 0
  12  18  20  22  23
   1690  5   5111      0 0
  12  18  20  22  23
   4630  7   8995      0 0
  13  14  15  16  19  21  22
   3110  6   9068      0 0
  13  14  15  16  22  23
   2226  7   7786      0 0
  13  15  16  17  19  21  23
   3816  8   4711      0 0
  13  15  16  18  19  20  21  22
   4992  7   3297      0 0
  13  15  16  18  20  22  23
   2296  7   4816      0 0
  13  15  16  18  20  22  23
   2620  7   5869      0 0
  13  15  16  18  20  22  23
   2326  5   7513      0 0
  13  15  16  19  21
   4790  5   7524      0 0
  13  15  16  19  21
   3388  4   7946      0 0
  13  15  16  23
   1202  4   8004      0 0
  13  15  16  23
   3254  8   4152      0 0
  13  15  17  18  19  21  22  23
   3350  6   4105      0 0
  13  15  18  19  21  22
   1868  5   4252      0 0
  13  15  18  22  23
   4666  6   7490      0 0
  13  16  19  20  21  22
   3138  5   7935      0 0
  13  16  20  22  23
   3572  6   7774      0 0
  13  17  19  21  22  23
   1084  6   7799      0 0
  13  17  19  21  22  23
   1254  4   7557      0 0
  13  19  21  22
   2210  3   8240      0 0
  13  22  23
    584  3   8231      0 0
  13  22  23
   5208  6   8636      0 0
  14  15  16  17  19  21
   2550  6   8854      0 0
  14  15  16  17  19  21
   1146  5  10635      0 0
  14  15  16  17  23
   3734  5  10572      0 0
  14  15  16  17  23
   1334  3   9917      0 0
  14  15  16
   4844  7   9775      0 0
  14  16  17  19  20  21  22
   4762  7   9751      0 0
  14  16  17  19  20  21  22
   3364  6   9800      0 0
  14  16  17  20  22  23
   3410  4   9812      0 0
  14  16  20  22
   1316  5   8902      0 0
  14  17  19  21  22
    504  4  10803      0 0
  14  17  22  23
   2492  4   8746      0 0
  14  17  22  23
    774  2  10813      0 0
  14  22
   1736  7   4505      0 0
  15  16  17  18  19  20  21
   2874  6   4368      0 0
  15  16  17  18  20  23
   2960  4   3467      0 0
  15  16  18  20
    566  4   5895      0 0
  15  16  18  20
    394  2   6160      0 0
  15  18
    502  6   4557      0 0
  17  18  19  20  21  22
   3160  6   4298      0 0
  17  18  19  20  21  22
   1680  5   4417      0 0
  17  18  20  22  23
   4216  5   4345      0 0
  17  18  20  22  23
   1658  3   4690      0 0
  18  20  22
   1846  3   3686      0 0
  18  20  22
