       27      626     3380    14118 0.1411800e+05
    122  2  24404      0 0
   1   5
    120  2  24348      0 0
   1   6
    156  1   2291      0 0
   1
   2104  3  24516      0 0
   2   6   7
   2504  2  24386      0 0
   2   6
   2250  2  24504      0 0
   2   7
   2650  1  24378      0 0
   2
   2014  3  24490      0 0
   3   5   7
   2414  2  24330      0 0
   3   5
   2338  3  24476      0 0
   3   6   7
   2740  2  24320      0 0
   3   6
   2396  2  24464      0 0
   3   7
   2802  1  24312      0 0
   3
   1998  3  24556      0 0
   4   5   7
   2394  2  24444      0 0
   4   5
   2324  3  24542      0 0
   4   6   7
   2718  2  24434      0 0
   4   6
   2392  2  24530      0 0
   4   7
   2786  1  24426      0 0
   4
    118  2  24414      0 0
   5   7
    446  1  24396      0 0
   5
    198  2  24358      0 0
   6   7
    766  1   1572      0 0
   6
    380  1  24454      0 0
   7
   2928  3  11044      0 0
   8  10  14
   2472  3  24144      0 0
   8  10  16
   2724  2  11200      0 0
   8  10
   2218  3  11056      0 0
   8  12  14
   1766  3  24156      0 0
   8  12  16
   3104  5  22172      0 0
   8  12  25  26  27
   2908  5   9254      0 0
   8  12  25  26  27
   2014  2  11210      0 0
   8  12
   2498  4  24130      0 0
   8  13  14  16
   2746  3  11188      0 0
   8  13  14
   2466  3  24118      0 0
   8  13  16
   3484  6   9484      0 0
   8  13  24  25  26  27
   2714  2  11178      0 0
   8  13
   2308  4  24182      0 0
   8  14  15  16
   3428  6   9270      0 0
   8  14  15  25  26  27
   2556  3  11232      0 0
   8  14  15
   2862  2  11022      0 0
   8  14
   2384  3  24170      0 0
   8  15  16
   3560  6   6484      0 0
   8  15  22  25  26  27
   3294  6  10634      0 0
   8  15  24  25  26  27
   2632  2  11222      0 0
   8  15
   2412  2  24108      0 0
   8  16
   1218  1    137      0 0
   8
   1218  1  11244      0 0
   8
   2920  3  11104      0 0
   9  10  14
   2464  3  24232      0 0
   9  10  16
   2706  2  11290      0 0
   9  10
   2210  3  11116      0 0
   9  12  14
   1758  3  24244      0 0
   9  12  16
   3096  5  22188      0 0
   9  12  25  26  27
   2900  5   9286      0 0
   9  12  25  26  27
   1996  2  11300      0 0
   9  12
   2490  4  24218      0 0
   9  13  14  16
   2732  3  11278      0 0
   9  13  14
   2458  3  24206      0 0
   9  13  16
   3490  6   9516      0 0
   9  13  24  25  26  27
   2694  2  11268      0 0
   9  13
   2300  4  24270      0 0
   9  14  15  16
   3420  6   9302      0 0
   9  14  15  25  26  27
   2542  3  11322      0 0
   9  14  15
   2854  2  11082      0 0
   9  14
   2376  3  24258      0 0
   9  15  16
   3566  6   6516      0 0
   9  15  22  25  26  27
   3300  6  10666      0 0
   9  15  24  25  26  27
   2614  2  11312      0 0
   9  15
   2404  2  24196      0 0
   9  16
   1208  1    113      0 0
   9
   1208  1  11334      0 0
   9
   2720  6   7532      0 0
  10  12  20  25  26  27
   2434  6   4718      0 0
  10  12  21  25  26  27
   2290  6   6144      0 0
  10  12  22  25  26  27
   2024  6  10278      0 0
  10  12  24  25  26  27
   2778  5   8788      0 0
  10  12  25  26  27
   3430  7   7016      0 0
  10  13  14  20  25  26  27
   3144  7   4136      0 0
  10  13  14  21  25  26  27
   3000  7   5546      0 0
  10  13  14  22  25  26  27
   2734  7   9632      0 0
  10  13  14  24  25  26  27
   2874  7   7126      0 0
  10  13  16  20  25  26  27
   2590  7   4264      0 0
  10  13  16  21  25  26  27
   2446  7   5674      0 0
  10  13  16  22  25  26  27
   2178  7   9792      0 0
  10  13  16  24  25  26  27
   2934  6   8458      0 0
  10  13  16  25  26  27
   3264  6   9500      0 0
  10  13  24  25  26  27
   3240  7   7876      0 0
  10  14  15  20  25  26  27
   2954  7   5114      0 0
  10  14  15  21  25  26  27
   2810  7   6618      0 0
  10  14  15  22  25  26  27
   2544  7  10768      0 0
  10  14  15  24  25  26  27
   3298  6   9064      0 0
  10  14  15  25  26  27
   3468  6   3970      0 0
  10  14  21  25  26  27
   3324  6   5364      0 0
  10  14  22  25  26  27
   3056  6   9370      0 0
  10  14  24  25  26  27
   2684  7   8004      0 0
  10  15  16  20  25  26  27
   2400  7   5242      0 0
  10  15  16  21  25  26  27
   2256  7   6778      0 0
  10  15  16  22  25  26  27
   1988  7  10928      0 0
  10  15  16  24  25  26  27
   2744  6   9178      0 0
  10  15  16  25  26  27
   3340  6   6500      0 0
  10  15  22  25  26  27
   3074  6  10650      0 0
  10  15  24  25  26  27
   3198  6   7708      0 0
  10  16  20  25  26  27
   2912  6   4910      0 0
  10  16  21  25  26  27
   2768  6   5882      0 0
  10  16  22  25  26  27
   2502  6  10470      0 0
  10  16  24  25  26  27
   3256  5   8584      0 0
  10  16  25  26  27
   2068  5   7254      0 0
  10  20  25  26  27
   1778  5   4440      0 0
  10  21  25  26  27
   1634  5   5850      0 0
  10  22  25  26  27
   1368  5   9984      0 0
  10  24  25  26  27
   2128  4   8556      0 0
  10  25  26  27
    688  1   1754      0 0
  10
   2552  4   3810      0 0
  11  17  18  23
   2642  3   8198      0 0
  11  17  18
   3162  6  23996      0 0
  11  17  20  25  26  27
   3312  6   7424      0 0
  11  17  20  25  26  27
   2316  3   8234      0 0
  11  17  20
   3022  6   4610      0 0
  11  17  21  25  26  27
   2988  6  23964      0 0
  11  17  21  25  26  27
   2282  3   8210      0 0
  11  17  21
   2878  6   6036      0 0
  11  17  22  25  26  27
   2828  6  23980      0 0
  11  17  22  25  26  27
   2138  3   8222      0 0
  11  17  22
   2800  3   8156      0 0
  11  17  23
   2476  6  24012      0 0
  11  17  24  25  26  27
   2610  6  10186      0 0
  11  17  24  25  26  27
   1870  3   8246      0 0
  11  17  24
   3370  5   8692      0 0
  11  17  25  26  27
   2620  2   8188      0 0
  11  17
   2416  4   3796      0 0
  11  18  20  23
   3550  6  23788      0 0
  11  18  20  25  26  27
   3500  6   7376      0 0
  11  18  20  25  26  27
   2858  3   3710      0 0
  11  18  20
   2380  4   3768      0 0
  11  18  21  23
   3210  6   4562      0 0
  11  18  21  25  26  27
   3376  6  23756      0 0
  11  18  21  25  26  27
   2824  3   3686      0 0
  11  18  21
   2236  4   3782      0 0
  11  18  22  23
   3066  6   5988      0 0
  11  18  22  25  26  27
   3216  6  23772      0 0
  11  18  22  25  26  27
   2680  3   3698      0 0
  11  18  22
   1970  4   3824      0 0
  11  18  23  24
   2720  3   3756      0 0
  11  18  23
   2800  6  10122      0 0
  11  18  24  25  26  27
   2866  6  23804      0 0
  11  18  24  25  26  27
   2412  3   3734      0 0
  11  18  24
   2958  2   3874      0 0
  11  18
   3140  6   7392      0 0
  11  20  21  25  26  27
   3316  6  23836      0 0
  11  20  21  25  26  27
   2886  6   4594      0 0
  11  20  21  25  26  27
   2742  6   6020      0 0
  11  20  22  25  26  27
   3156  6  23884      0 0
  11  20  22  25  26  27
   3156  6  23932      0 0
  11  20  22  25  26  27
   2664  3   8144      0 0
  11  20  23
   2806  6  24060      0 0
  11  20  24  25  26  27
   2474  6  10170      0 0
  11  20  24  25  26  27
   3234  5   8678      0 0
  11  20  25  26  27
   2632  2   3904      0 0
  11  20
   2980  6  23820      0 0
  11  21  22  25  26  27
   2706  6   4578      0 0
  11  21  22  25  26  27
   2630  3   8120      0 0
  11  21  23
   2440  6  10138      0 0
  11  21  24  25  26  27
   2630  6  24028      0 0
  11  21  24  25  26  27
   2440  6   4626      0 0
  11  21  24  25  26  27
   3190  5   4548      0 0
  11  21  25  26  27
   2602  2   3884      0 0
  11  21
   2486  3   8132      0 0
  11  22  23
   2296  6  10154      0 0
  11  22  24  25  26  27
   2470  6  24044      0 0
  11  22  24  25  26  27
   3046  5   5974      0 0
  11  22  25  26  27
   2454  2   3894      0 0
  11  22
   2214  3   8168      0 0
  11  23  24
   2964  2   8098      0 0
  11  23
   2778  5  10108      0 0
  11  24  25  26  27
   3520  5  24076      0 0
  11  24  25  26  27
   2788  5   8706      0 0
  11  24  25  26  27
   2186  2   3924      0 0
  11  24
   2936  1   3866      0 0
  11
   2480  7   7492      0 0
  12  13  14  20  25  26  27
   2194  7   4170      0 0
  12  13  14  21  25  26  27
   2050  7   6104      0 0
  12  13  14  22  25  26  27
   1784  7   9682      0 0
  12  13  14  24  25  26  27
   2538  6   8752      0 0
  12  13  14  25  26  27
   1912  7   7160      0 0
  12  13  16  20  25  26  27
   1626  7   4314      0 0
  12  13  16  21  25  26  27
   1482  7   5724      0 0
  12  13  16  22  25  26  27
   1216  7   9842      0 0
  12  13  16  24  25  26  27
   1970  6   8488      0 0
  12  13  16  25  26  27
   3010  6   6980      0 0
  12  13  20  25  26  27
   2724  6   4066      0 0
  12  13  21  25  26  27
   2580  6   6086      0 0
  12  13  22  25  26  27
   2314  6  10220      0 0
  12  13  24  25  26  27
   3068  5   8736      0 0
  12  13  25  26  27
   2290  7   7910      0 0
  12  14  15  20  25  26  27
   2004  7   5148      0 0
  12  14  15  21  25  26  27
   1860  7   6230      0 0
  12  14  15  22  25  26  27
   1594  7  10364      0 0
  12  14  15  24  25  26  27
   2348  6   9094      0 0
  12  14  15  25  26  27
   2790  6   7456      0 0
  12  14  20  25  26  27
   2504  6   4642      0 0
  12  14  21  25  26  27
   2360  6   6068      0 0
  12  14  22  25  26  27
   2094  6  10202      0 0
  12  14  24  25  26  27
   2848  5   8720      0 0
  12  14  25  26  27
   1722  7   8054      0 0
  12  15  16  20  25  26  27
   1436  7   5292      0 0
  12  15  16  21  25  26  27
   1292  7   6828      0 0
  12  15  16  22  25  26  27
   1026  7  10978      0 0
  12  15  16  24  25  26  27
   1780  6   9222      0 0
  12  15  16  25  26  27
   2820  6   7822      0 0
  12  15  20  25  26  27
   2534  6   5042      0 0
  12  15  21  25  26  27
   2390  6   6546      0 0
  12  15  22  25  26  27
   2124  6  10346      0 0
  12  15  24  25  26  27
   2878  5   9016      0 0
  12  15  25  26  27
   2234  6   7582      0 0
  12  16  20  25  26  27
   1950  6   4768      0 0
  12  16  21  25  26  27
   1806  6   6380      0 0
  12  16  22  25  26  27
   1538  6  10328      0 0
  12  16  24  25  26  27
   2294  5   8942      0 0
  12  16  25  26  27
   1106  5   7566      0 0
  12  20  25  26  27
    816  5   4752      0 0
  12  21  25  26  27
    672  5   6178      0 0
  12  22  25  26  27
    444  5  10312      0 0
  12  24  25  26  27
   1164  4   8804      0 0
  12  25  26  27
     70  1   1530      0 0
  12
   2432  8   7856      0 0
  13  14  15  16  20  25  26  27
   2146  8   4226      0 0
  13  14  15  16  21  25  26  27
   2146  8   5094      0 0
  13  14  15  16  21  25  26  27
   2002  8   6598      0 0
  13  14  15  16  22  25  26  27
   2002  8   6758      0 0
  13  14  15  16  22  25  26  27
   1736  8  10748      0 0
  13  14  15  16  24  25  26  27
   2490  7   9046      0 0
  13  14  15  16  25  26  27
   3232  7   4208      0 0
  13  14  15  21  25  26  27
   3232  7   5076      0 0
  13  14  15  21  25  26  27
   3088  7   5618      0 0
  13  14  15  22  25  26  27
   2820  7  10730      0 0
  13  14  15  24  25  26  27
   2834  7   9596      0 0
  13  14  15  24  25  26  27
   2944  7   6882      0 0
  13  14  16  20  25  26  27
   2944  7   7690      0 0
  13  14  16  20  25  26  27
   2660  7   4190      0 0
  13  14  16  21  25  26  27
   2516  7   5600      0 0
  13  14  16  22  25  26  27
   2248  7  10452      0 0
  13  14  16  24  25  26  27
   2248  7   9702      0 0
  13  14  16  24  25  26  27
   3004  6   8408      0 0
  13  14  16  25  26  27
   1816  6   7034      0 0
  13  14  20  25  26  27
   1526  6   4154      0 0
  13  14  21  25  26  27
   1382  6   5564      0 0
  13  14  22  25  26  27
   1114  6   9666      0 0
  13  14  24  25  26  27
   3334  6   9468      0 0
  13  14  24  25  26  27
   1874  5   8376      0 0
  13  14  25  26  27
    568  2  11150      0 0
  13  14
   2962  7   7966      0 0
  13  15  16  20  25  26  27
   2962  7   7180      0 0
  13  15  16  20  25  26  27
   2676  7   4334      0 0
  13  15  16  21  25  26  27
   2676  7   5204      0 0
  13  15  16  21  25  26  27
   2532  7   5744      0 0
  13  15  16  22  25  26  27
   2546  7   5528      0 0
  13  15  16  22  25  26  27
   2266  7  10890      0 0
  13  15  16  24  25  26  27
   2266  7   9862      0 0
  13  15  16  24  25  26  27
   3020  6   9144      0 0
  13  15  16  25  26  27
   3364  6  10582      0 0
  13  15  24  25  26  27
   1260  6   7144      0 0
  13  16  20  25  26  27
   3190  6   4084      0 0
  13  16  21  25  26  27
    970  6   4298      0 0
  13  16  21  25  26  27
   3190  6   4876      0 0
  13  16  21  25  26  27
    826  6   5708      0 0
  13  16  22  25  26  27
   2778  6   9564      0 0
  13  16  24  25  26  27
    584  6   9826      0 0
  13  16  24  25  26  27
   1320  5   8474      0 0
  13  16  25  26  27
    216  2  11160      0 0
  13  16
   2346  5   6966      0 0
  13  20  25  26  27
   2056  5   4052      0 0
  13  21  25  26  27
   1912  5   5462      0 0
  13  22  25  26  27
   1644  5   9532      0 0
  13  24  25  26  27
   2404  4   8332      0 0
  13  25  26  27
    976  1  11142      0 0
  13
   2754  7   7930      0 0
  14  15  16  20  25  26  27
   2470  7   4034      0 0
  14  15  16  21  25  26  27
   2326  7   6688      0 0
  14  15  16  22  25  26  27
   2058  7  10548      0 0
  14  15  16  24  25  26  27
   2058  7  10838      0 0
  14  15  16  24  25  26  27
   2814  6   9112      0 0
  14  15  16  25  26  27
   1626  6   7894      0 0
  14  15  20  25  26  27
   1336  6   5132      0 0
  14  15  21  25  26  27
   1192  6   6652      0 0
  14  15  22  25  26  27
   3410  6   5428      0 0
  14  15  22  25  26  27
    924  6  10802      0 0
  14  15  24  25  26  27
   3238  6  10786      0 0
  14  15  24  25  26  27
   1684  5   9080      0 0
  14  15  25  26  27
    352  2  24292      0 0
  14  15
   3268  6   7674      0 0
  14  16  20  25  26  27
   2982  6   4018      0 0
  14  16  21  25  26  27
   2838  6   5412      0 0
  14  16  22  25  26  27
   2572  6  10420      0 0
  14  16  24  25  26  27
   3326  5   8302      0 0
  14  16  25  26  27
   2138  5   6900      0 0
  14  20  25  26  27
   1848  5   3986      0 0
  14  21  25  26  27
   1704  5   5380      0 0
  14  22  25  26  27
   1438  5   9386      0 0
  14  24  25  26  27
   2198  4   8274      0 0
  14  25  26  27
    758  1  11014      0 0
  14
   3284  6   7840      0 0
  15  16  20  25  26  27
   1070  6   8038      0 0
  15  16  20  25  26  27
   3284  6   7756      0 0
  15  16  20  25  26  27
    780  6   5276      0 0
  15  16  21  25  26  27
   3000  6   4958      0 0
  15  16  21  25  26  27
   3000  6   5060      0 0
  15  16  21  25  26  27
   2856  6   6564      0 0
  15  16  22  25  26  27
    636  6   6812      0 0
  15  16  22  25  26  27
    484  6  10962      0 0
  15  16  24  25  26  27
   2588  6  10714      0 0
  15  16  24  25  26  27
   1130  5   9208      0 0
  15  16  25  26  27
   3344  5   9032      0 0
  15  16  25  26  27
    116  2  24302      0 0
  15  16
   2156  5   7808      0 0
  15  20  25  26  27
   1866  5   5028      0 0
  15  21  25  26  27
   1722  5   6532      0 0
  15  22  25  26  27
   1454  5  10682      0 0
  15  24  25  26  27
   2214  4   9004      0 0
  15  25  26  27
    788  1   1490      0 0
  15
   1584  5   7724      0 0
  16  20  25  26  27
   1294  5   4926      0 0
  16  21  25  26  27
   1150  5   6366      0 0
  16  22  25  26  27
    882  5  10500      0 0
  16  24  25  26  27
   1642  4   8930      0 0
  16  25  26  27
    214  1   2165      0 0
  16
   1632  8  12880      0 0
  17  18  19  20  23  25  26  27
   2046  7  12050      0 0
  17  18  19  20  25  26  27
   2046  7  14880      0 0
  17  18  19  20  25  26  27
   1456  8  15262      0 0
  17  18  19  21  23  25  26  27
   1874  7  15174      0 0
  17  18  19  21  25  26  27
   1874  7  14844      0 0
  17  18  19  21  25  26  27
   1296  8  15282      0 0
  17  18  19  22  23  25  26  27
   1714  7  15192      0 0
  17  18  19  22  25  26  27
    946  8  15340      0 0
  17  18  19  23  24  25  26  27
   2348  7  12900      0 0
  17  18  19  23  25  26  27
   1362  7  14914      0 0
  17  18  19  24  25  26  27
   2764  6  14898      0 0
  17  18  19  25  26  27
   2444  7  13248      0 0
  17  18  20  23  25  26  27
   2858  6  12562      0 0
  17  18  20  25  26  27
   2268  7  21262      0 0
  17  18  21  23  25  26  27
   2686  6  12530      0 0
  17  18  21  25  26  27
   2108  7  21280      0 0
  17  18  22  23  25  26  27
   2526  6  12546      0 0
  17  18  22  25  26  27
   1758  7  13282      0 0
  17  18  23  24  25  26  27
   3160  6  21316      0 0
  17  18  23  25  26  27
   2174  6  12578      0 0
  17  18  24  25  26  27
   1396  8  15450      0 0
  17  19  20  21  23  25  26  27
   1394  8  17230      0 0
  17  19  20  21  23  25  26  27
   1812  7  16468      0 0
  17  19  20  21  25  26  27
   1812  7  15688      0 0
  17  19  20  21  25  26  27
   1236  8  15614      0 0
  17  19  20  22  23  25  26  27
   1234  8  18712      0 0
  17  19  20  22  23  25  26  27
   1652  7  15706      0 0
  17  19  20  22  25  26  27
    884  8  23296      0 0
  17  19  20  23  24  25  26  27
   2286  7  15904      0 0
  17  19  20  23  25  26  27
   1300  7  22504      0 0
  17  19  20  24  25  26  27
   1302  7  15740      0 0
  17  19  20  24  25  26  27
   2702  6  14060      0 0
  17  19  20  25  26  27
    680  6  15836      0 0
  17  19  20  25  26  27
   2704  6  19434      0 0
  17  19  20  25  26  27
   1062  8  18692      0 0
  17  19  21  22  23  25  26  27
   1062  8  15430      0 0
  17  19  21  22  23  25  26  27
   1478  7  15524      0 0
  17  19  21  22  25  26  27
    710  8  16040      0 0
  17  19  21  23  24  25  26  27
    712  8  23256      0 0
  17  19  21  23  24  25  26  27
   2112  7  17250      0 0
  17  19  21  23  25  26  27
   2112  7  15868      0 0
  17  19  21  23  25  26  27
   1126  7  15970      0 0
  17  19  21  24  25  26  27
    472  6  15508      0 0
  17  19  21  25  26  27
   2528  6  15396      0 0
  17  19  21  25  26  27
    670  8  16060      0 0
  17  19  22  23  24  25  26  27
   1952  7  15886      0 0
  17  19  22  23  25  26  27
   1952  7  18732      0 0
  17  19  22  23  25  26  27
    966  7  22486      0 0
  17  19  22  24  25  26  27
    966  7  17984      0 0
  17  19  22  24  25  26  27
    472  6  15672      0 0
  17  19  22  25  26  27
   2368  6  15560      0 0
  17  19  22  25  26  27
   1602  7  16100      0 0
  17  19  23  24  25  26  27
   3004  6  20840      0 0
  17  19  23  25  26  27
   2016  6  14076      0 0
  17  19  24  25  26  27
    470  6  16118      0 0
  17  19  24  25  26  27
   1206  5  15956      0 0
  17  19  25  26  27
    120  2   3856      0 0
  17  19
   2206  7  21842      0 0
  17  20  21  23  25  26  27
   2206  7  17474      0 0
  17  20  21  23  25  26  27
   2622  6  16794      0 0
  17  20  21  25  26  27
   2046  7  18956      0 0
  17  20  22  23  25  26  27
   2464  6  21810      0 0
  17  20  22  25  26  27
   2462  6  18276      0 0
  17  20  22  25  26  27
   1696  7  20398      0 0
  17  20  23  24  25  26  27
   1696  7  22100      0 0
  17  20  23  24  25  26  27
   3098  6  21958      0 0
  17  20  23  25  26  27
   3098  6  21878      0 0
  17  20  23  25  26  27
   2112  6  22954      0 0
  17  20  24  25  26  27
   1302  5  21912      0 0
  17  20  25  26  27
   1874  7  18938      0 0
  17  21  22  23  25  26  27
   1874  7  17456      0 0
  17  21  22  23  25  26  27
   2288  6  18260      0 0
  17  21  22  25  26  27
   2288  6  16778      0 0
  17  21  22  25  26  27
   1522  7  22064      0 0
  17  21  23  24  25  26  27
   2924  6  17492      0 0
  17  21  23  25  26  27
   2924  6  21926      0 0
  17  21  23  25  26  27
   1936  6  16824      0 0
  17  21  24  25  26  27
   1940  6  21548      0 0
  17  21  24  25  26  27
   1128  5  21634      0 0
  17  21  25  26  27
   3338  5  16810      0 0
  17  21  25  26  27
   1364  7  23604      0 0
  17  22  23  24  25  26  27
   1362  7  22082      0 0
  17  22  23  24  25  26  27
   2764  6  21942      0 0
  17  22  23  25  26  27
   2764  6  18974      0 0
  17  22  23  25  26  27
   1778  6  22018      0 0
  17  22  24  25  26  27
   1776  6  18306      0 0
  17  22  24  25  26  27
   3178  5  18292      0 0
  17  22  25  26  27
    968  5  21780      0 0
  17  22  25  26  27
   2414  6  21974      0 0
  17  23  24  25  26  27
   2414  6  22118      0 0
  17  23  24  25  26  27
   2828  5  22050      0 0
  17  24  25  26  27
    616  5  22134      0 0
  17  24  25  26  27
   2018  4  21990      0 0
  17  25  26  27
    226  1   8180      0 0
  17
   1812  8  20022      0 0
  18  19  20  21  23  25  26  27
   2228  7  16398      0 0
  18  19  20  21  25  26  27
   2228  7  14592      0 0
  18  19  20  21  25  26  27
   1652  8  20042      0 0
  18  19  20  22  23  25  26  27
   1652  8  14518      0 0
  18  19  20  22  23  25  26  27
   2068  7  17880      0 0
  18  19  20  22  25  26  27
   2068  7  14446      0 0
  18  19  20  22  25  26  27
   1302  8  23218      0 0
  18  19  20  23  24  25  26  27
   2702  7  13516      0 0
  18  19  20  23  25  26  27
   2704  7  12788      0 0
  18  19  20  23  25  26  27
   1716  7  22434      0 0
  18  19  20  24  25  26  27
   3118  6  19364      0 0
  18  19  20  25  26  27
    906  6  14740      0 0
  18  19  20  25  26  27
   1476  8  17132      0 0
  18  19  21  22  23  25  26  27
   1894  7  17862      0 0
  18  19  21  22  25  26  27
   1126  8  15016      0 0
  18  19  21  23  24  25  26  27
   1126  8  23178      0 0
  18  19  21  23  24  25  26  27
   2526  7  17172      0 0
  18  19  21  23  25  26  27
   1542  7  22398      0 0
  18  19  21  24  25  26  27
   1544  7  14316      0 0
  18  19  21  24  25  26  27
   2944  6  11950      0 0
  18  19  21  25  26  27
    732  6  14412      0 0
  18  19  21  25  26  27
    966  8  23198      0 0
  18  19  22  23  24  25  26  27
    966  8  14556      0 0
  18  19  22  23  24  25  26  27
   2366  7  18654      0 0
  18  19  22  23  25  26  27
   2366  7  13498      0 0
  18  19  22  23  25  26  27
   2366  7  14774      0 0
  18  19  22  23  25  26  27
   1382  7  22416      0 0
  18  19  22  24  25  26  27
   1384  7  14964      0 0
  18  19  22  24  25  26  27
    572  6  14576      0 0
  18  19  22  25  26  27
   2784  6  11966      0 0
  18  19  22  25  26  27
   2784  6  14464      0 0
  18  19  22  25  26  27
   2016  7  13550      0 0
  18  19  23  24  25  26  27
   3418  6  13534      0 0
  18  19  23  25  26  27
   3418  6  20752      0 0
  18  19  23  25  26  27
    472  6  15094      0 0
  18  19  24  25  26  27
   2536  6  11466      0 0
  18  19  24  25  26  27
   1622  5  14932      0 0
  18  19  25  26  27
    112  2   3846      0 0
  18  19
   2622  7  19226      0 0
  18  20  21  23  25  26  27
   2622  7  16280      0 0
  18  20  21  23  25  26  27
   2624  7  12414      0 0
  18  20  21  23  25  26  27
   3038  6  16230      0 0
  18  20  21  25  26  27
   3038  6  19178      0 0
  18  20  21  25  26  27
   2462  7  19244      0 0
  18  20  22  23  25  26  27
   2462  7  17762      0 0
  18  20  22  23  25  26  27
   2464  7  12300      0 0
  18  20  22  23  25  26  27
   2878  6  19194      0 0
  18  20  22  25  26  27
   2112  7  22302      0 0
  18  20  23  24  25  26  27
   2112  7  19262      0 0
  18  20  23  24  25  26  27
   1302  6  13196      0 0
  18  20  23  25  26  27
   2528  6  22236      0 0
  18  20  24  25  26  27
   1718  5  12468      0 0
  18  20  25  26  27
   2286  7  17744      0 0
  18  21  22  23  25  26  27
   2286  7  16262      0 0
  18  21  22  23  25  26  27
   2704  6  17696      0 0
  18  21  22  25  26  27
   2706  6  12234      0 0
  18  21  22  25  26  27
   1938  7  17044      0 0
  18  21  23  24  25  26  27
   1936  7  16314      0 0
  18  21  23  24  25  26  27
   1936  7  22266      0 0
  18  21  23  24  25  26  27
   3338  6  16298      0 0
  18  21  23  25  26  27
   1126  6  13008      0 0
  18  21  23  25  26  27
   2354  6  22204      0 0
  18  21  24  25  26  27
   1544  5  12220      0 0
  18  21  25  26  27
   1776  7  22284      0 0
  18  22  23  24  25  26  27
   1776  7  17796      0 0
  18  22  23  24  25  26  27
   3178  6  18510      0 0
  18  22  23  25  26  27
    966  6  13110      0 0
  18  22  23  25  26  27
   3178  6  12498      0 0
  18  22  23  25  26  27
   2194  6  22220      0 0
  18  22  24  25  26  27
   2194  6  17728      0 0
  18  22  24  25  26  27
   1384  5  12352      0 0
  18  22  25  26  27
    616  6  13384      0 0
  18  23  24  25  26  27
   2828  6  23092      0 0
  18  23  24  25  26  27
   2828  6  22320      0 0
  18  23  24  25  26  27
   2828  6  12514      0 0
  18  23  24  25  26  27
   2018  5  13300      0 0
  18  23  25  26  27
    240  2   3746      0 0
  18  23
   3244  5  22252      0 0
  18  24  25  26  27
   1034  5  12738      0 0
  18  24  25  26  27
   2434  4  12594      0 0
  18  25  26  27
    636  1   1997      0 0
  18
   2466  7  13880      0 0
  19  20  21  23  25  26  27
   2884  6  19280      0 0
  19  20  21  25  26  27
   2884  6  13584      0 0
  19  20  21  25  26  27
   2306  7  18562      0 0
  19  20  22  23  25  26  27
   2306  7  13898      0 0
  19  20  22  23  25  26  27
   2724  6  19296      0 0
  19  20  22  25  26  27
   1956  7  13932      0 0
  19  20  23  24  25  26  27
   3356  6  13996      0 0
  19  20  23  25  26  27
   3358  6  13916      0 0
  19  20  23  25  26  27
   2372  6  22368      0 0
  19  20  24  25  26  27
   1562  5  13950      0 0
  19  20  25  26  27
   2132  7  13748      0 0
  19  21  22  23  25  26  27
   2548  6  13700      0 0
  19  21  22  25  26  27
   1782  7  17114      0 0
  19  21  23  24  25  26  27
   1782  7  23108      0 0
  19  21  23  24  25  26  27
   3182  6  17098      0 0
  19  21  23  25  26  27
   3182  6  13964      0 0
  19  21  23  25  26  27
   2196  6  22336      0 0
  19  21  24  25  26  27
   2198  6  14104      0 0
  19  21  24  25  26  27
   1386  5  13686      0 0
  19  21  25  26  27
   1622  7  14184      0 0
  19  22  23  24  25  26  27
   3022  6  13980      0 0
  19  22  23  25  26  27
   3022  6  18580      0 0
  19  22  23  25  26  27
   2036  6  22352      0 0
  19  22  24  25  26  27
   2038  6  14120      0 0
  19  22  24  25  26  27
   1226  5  13818      0 0
  19  22  25  26  27
   2672  6  23162      0 0
  19  23  24  25  26  27
   2672  6  14012      0 0
  19  23  24  25  26  27
    876  5  14236      0 0
  19  24  25  26  27
   3088  5  14152      0 0
  19  24  25  26  27
   2276  4  14092      0 0
  19  25  26  27
    482  1    738      0 0
  19
   2226  7  20262      0 0
  20  21  22  23  25  26  27
   2226  7  19598      0 0
  20  21  22  23  25  26  27
   2226  7  17288      0 0
  20  21  22  23  25  26  27
   2644  6  16520      0 0
  20  21  22  25  26  27
   2644  6  19566      0 0
  20  21  22  25  26  27
   1876  7  16698      0 0
  20  21  23  24  25  26  27
   1876  7  22602      0 0
  20  21  23  24  25  26  27
   1064  6  20230      0 0
  20  21  23  25  26  27
   1064  6  17424      0 0
  20  21  23  25  26  27
   3276  6  20196      0 0
  20  21  23  25  26  27
   3278  6  16682      0 0
  20  21  23  25  26  27
   3276  6  19664      0 0
  20  21  23  25  26  27
   2294  6  22762      0 0
  20  21  24  25  26  27
   2294  6  19772      0 0
  20  21  24  25  26  27
   1482  5  16716      0 0
  20  21  25  26  27
   1716  7  19632      0 0
  20  22  23  24  25  26  27
   1716  7  22714      0 0
  20  22  23  24  25  26  27
   1716  7  19836      0 0
  20  22  23  24  25  26  27
   1004  6  20314      0 0
  20  22  23  25  26  27
   3116  6  18228      0 0
  20  22  23  25  26  27
   3218  6  11752      0 0
  20  22  23  25  26  27
    904  6  18906      0 0
  20  22  23  25  26  27
   2134  6  22666      0 0
  20  22  24  25  26  27
   2134  6  22778      0 0
  20  22  24  25  26  27
   1322  5  18198      0 0
  20  22  25  26  27
   2766  6  19696      0 0
  20  23  24  25  26  27
    680  6  23554      0 0
  20  23  24  25  26  27
   1004  6  20482      0 0
  20  23  24  25  26  27
   2768  6  21168      0 0
  20  23  24  25  26  27
   2768  6  22844      0 0
  20  23  24  25  26  27
   1956  5  21046      0 0
  20  23  25  26  27
    656  2   6872      0 0
  20  23
   3206  5  23024      0 0
  20  24  25  26  27
   3184  5  19804      0 0
  20  24  25  26  27
    972  5  22860      0 0
  20  24  25  26  27
   2764  4   7338      0 0
  20  25  26  27
    500  4   7350      0 0
  20  25  26  27
    480  4  20562      0 0
  20  25  26  27
   2474  4  11784      0 0
  20  25  26  27
    578  1   1310      0 0
  20
   1542  7  22696      0 0
  21  22  23  24  25  26  27
   1542  7  18804      0 0
  21  22  23  24  25  26  27
   1542  7  16898      0 0
  21  22  23  24  25  26  27
   1542  7  18380      0 0
  21  22  23  24  25  26  27
   2964  6  17624      0 0
  21  22  23  25  26  27
   2942  6  16730      0 0
  21  22  23  25  26  27
    730  6  18822      0 0
  21  22  23  25  26  27
   1958  6  18334      0 0
  21  22  24  25  26  27
   1958  6  16550      0 0
  21  22  24  25  26  27
   1958  6  16852      0 0
  21  22  24  25  26  27
   1146  5  18100      0 0
  21  22  25  26  27
   1146  5  16618      0 0
  21  22  25  26  27
   2614  6  23670      0 0
  21  23  24  25  26  27
    470  6  23386      0 0
  21  23  24  25  26  27
   2592  6  16762      0 0
  21  23  24  25  26  27
   1782  5  17526      0 0
  21  23  25  26  27
    286  2   3942      0 0
  21  23
    796  5  22636      0 0
  21  24  25  26  27
    796  5  16950      0 0
  21  24  25  26  27
    284  4   4536      0 0
  21  25  26  27
   2196  4  16840      0 0
  21  25  26  27
    270  4  17672      0 0
  21  25  26  27
    404  1   3934      0 0
  21
   2534  6  11694      0 0
  22  23  24  25  26  27
    470  6  23470      0 0
  22  23  24  25  26  27
   2432  6  22890      0 0
  22  23  24  25  26  27
    504  6  19074      0 0
  22  23  24  25  26  27
   1622  5  20984      0 0
  22  23  25  26  27
    152  2   5336      0 0
  22  23
   2870  5  23010      0 0
  22  24  25  26  27
    636  5  22748      0 0
  22  24  25  26  27
    636  5  18432      0 0
  22  24  25  26  27
    286  4   5962      0 0
  22  25  26  27
   2138  4  11710      0 0
  22  25  26  27
   2036  4  18322      0 0
  22  25  26  27
    270  4  19154      0 0
  22  25  26  27
    244  1   5328      0 0
  22
   1272  5  21184      0 0
  23  24  25  26  27
    120  2   9326      0 0
  23  24
   2674  4  21124      0 0
  23  25  26  27
    874  1   3030      0 0
  23
    270  4  23718      0 0
  24  25  26  27
   1708  4  23730      0 0
  24  25  26  27
    288  4  10096      0 0
  24  25  26  27
     66  1   1514      0 0
  24
    684  3   8640      0 0
  25  26  27
   3190  3  11838      0 0
  25  26  27
    882  3  22162      0 0
  25  26  27
   9478  1   1844      0 0
  25
   9494  1   2888      0 0
  26
   9448  1   3083      0 0
  27
