       19      711 12345678 12345678 0.123457E+01
    908  1  30908      0 0
   1
    936  3   1817      0 0
   2   3   4
   1502  2    909      0 0
   2   3
   1442  1   1799      0 0
   2
    902  2   1837      0 0
   3   4
   1470  1   1829      0 0
   3
   3896  5   1715      0 0
   4   6   9  17  19
   3856  5   1745      0 0
   4   6  10  17  19
   4370  4   1687      0 0
   4   6  15  19
   4150  5   1659      0 0
   4   6  16  17  19
   4814  4   1631      0 0
   4   6  16  19
   7330  2    223      0 0
   4   6
   1158  1   1761      0 0
   4
   4024  5   2685      0 0
   5   6   8   9  19
   3998  5   2739      0 0
   5   6   8  10  19
   4604  5  24577      0 0
   5   6   9  17  19
   4572  5  24595      0 0
   5   6  10  17  19
    438  1   1789      0 0
   5
    438  1    949      0 0
   5
   3178  4   2657      0 0
   6   8   9  19
   3146  4   2671      0 0
   6   8  10  19
   3752  4  24549      0 0
   6   9  17  19
   3720  4  24563      0 0
   6  10  17  19
   4240  3   1675      0 0
   6  15  19
   4020  4   1645      0 0
   6  16  17  19
   4686  3   1619      0 0
   6  16  19
   4910  5  30672      0 0
   7   9  13  15  18
   5010  5  30492      0 0
   7   9  13  15  19
   4848  5  30790      0 0
   7  10  13  15  18
   4888  5  30688      0 0
   7  10  13  15  18
   4984  5  30508      0 0
   7  10  13  15  19
   3156  5  30656      0 0
   7  12  13  15  18
   3344  5  30640      0 0
   7  12  13  15  19
   3462  4  30626      0 0
   7  12  13  15
   4252  6  30872      0 0
   7  13  14  15  17  18
   4490  6  30854      0 0
   7  13  14  15  17  19
   4600  5  30838      0 0
   7  13  14  15  17
   4964  5  30822      0 0
   7  13  14  15  18
   5152  5  30806      0 0
   7  13  14  15  19
   3380  7  30754      0 0
   7  13  15  16  17  18  19
   3290  7  30574      0 0
   7  13  15  16  17  18  19
   3490  6  30736      0 0
   7  13  15  16  17  18
   3638  6  30556      0 0
   7  13  15  16  17  19
   4004  6  30538      0 0
   7  13  15  16  18  19
   2492  4  30704      0 0
   7  13  15  18
   2686  4  30524      0 0
   7  13  15  19
   2524  3  30480      0 0
   7  13  15
   1930  2  30470      0 0
   7  13
    250  2  30890      0 0
   7  13
    406  1   1459      0 0
   7
    406  1  30462      0 0
   7
   4434  7   3953      0 0
   8   9  11  16  17  18  19
   4326  7   3892      0 0
   8   9  11  16  17  18  19
   4992  6   6363      0 0
   8   9  11  16  18  19
   3486  6   5721      0 0
   8   9  12  16  18  19
   3640  6   2833      0 0
   8   9  12  16  18  19
   4994  5   7749      0 0
   8   9  13  15  18
   5096  5   7569      0 0
   8   9  13  15  19
   4828  7   6155      0 0
   8   9  14  16  17  18  19
   4762  7   3433      0 0
   8   9  14  16  17  18  19
   4770  7   7346      0 0
   8   9  14  16  17  18  19
   5476  6   3173      0 0
   8   9  14  16  18  19
   5430  6   5917      0 0
   8   9  14  16  18  19
   5460  5   2397      0 0
   8   9  15  18  19
   5474  5   5247      0 0
   8   9  15  18  19
   5190  6   2201      0 0
   8   9  16  17  18  19
   2294  6   4374      0 0
   8   9  16  17  18  19
   2300  6   7170      0 0
   8   9  16  17  18  19
   5298  6   5031      0 0
   8   9  16  17  18  19
   2964  5   5613      0 0
   8   9  16  18  19
   3010  5   3027      0 0
   8   9  16  18  19
   1504  3   5517      0 0
   8   9  18
   1760  3   4727      0 0
   8   9  19
   1606  3   2621      0 0
   8   9  19
   4264  7   3974      0 0
   8  10  11  16  17  18  19
   4972  6   6437      0 0
   8  10  11  16  18  19
   4966  6   6382      0 0
   8  10  11  16  18  19
   3464  6   5791      0 0
   8  10  12  16  18  19
   3460  6   5739      0 0
   8  10  12  16  18  19
   4934  5   7867      0 0
   8  10  13  15  18
   5068  5   7585      0 0
   8  10  13  15  19
   4754  7   4686      0 0
   8  10  14  16  17  18  19
   4702  7   3511      0 0
   8  10  14  16  17  18  19
   4742  7   6249      0 0
   8  10  14  16  17  18  19
   5414  6   3243      0 0
   8  10  14  16  18  19
   5404  6   5935      0 0
   8  10  14  16  18  19
   5400  5   2497      0 0
   8  10  15  18  19
   5448  5   5263      0 0
   8  10  15  18  19
   5168  6   2219      0 0
   8  10  16  17  18  19
   2322  6   7258      0 0
   8  10  16  17  18  19
   2228  6   4462      0 0
   8  10  16  17  18  19
   2326  6   6994      0 0
   8  10  16  17  18  19
   2268  6   4410      0 0
   8  10  16  17  18  19
   2932  5   5645      0 0
   8  10  16  18  19
   5878  5   4767      0 0
   8  10  16  18  19
   2938  5   5691      0 0
   8  10  16  18  19
   1436  3   7535      0 0
   8  10  18
   4376  3   5529      0 0
   8  10  18
   1572  3   2645      0 0
   8  10  19
   2962  6   6492      0 0
   8  11  12  13  16  18
   3110  6   3603      0 0
   8  11  12  13  16  19
   3148  6   3584      0 0
   8  11  12  16  18  19
   3306  5   6456      0 0
   8  11  12  16  18
   3452  5   3567      0 0
   8  11  12  16  19
   4248  7   6570      0 0
   8  11  13  14  16  17  18
   4396  7   3320      0 0
   8  11  13  14  16  17  19
   4724  6   4996      0 0
   8  11  13  16  17  18
   2044  6   6810      0 0
   8  11  13  16  17  18
   4826  6   2100      0 0
   8  11  13  16  17  19
   2078  6   4014      0 0
   8  11  13  16  17  19
   4380  7   3299      0 0
   8  11  14  16  17  18  19
   4380  7   3753      0 0
   8  11  14  16  17  18  19
   4580  6   6076      0 0
   8  11  14  16  17  18
   4728  6   3280      0 0
   8  11  14  16  17  19
   5092  6   3261      0 0
   8  11  14  16  18  19
   1908  6   3934      0 0
   8  11  16  17  18  19
   2126  6   6730      0 0
   8  11  16  17  18  19
   2436  5   6671      0 0
   8  11  16  17  18
   2470  5   3875      0 0
   8  11  16  17  19
   2620  5   3660      0 0
   8  11  16  18  19
   2788  5   6401      0 0
   8  11  16  18  19
   2740  7   7482      0 0
   8  12  13  14  16  17  18
   2886  7   4588      0 0
   8  12  13  14  16  17  19
   3400  6   6039      0 0
   8  12  13  14  16  18
   3546  6   3155      0 0
   8  12  13  14  16  19
   3242  5   7733      0 0
   8  12  13  15  18
   3430  5   7717      0 0
   8  12  13  15  19
   3546  4   7703      0 0
   8  12  13  15
    936  5   5825      0 0
   8  12  13  16  18
   1082  5   2885      0 0
   8  12  13  16  19
   2878  7   2937      0 0
   8  12  14  16  17  18  19
   3080  6   5859      0 0
   8  12  14  16  17  18
   3226  6   2919      0 0
   8  12  14  16  17  19
   3584  6   3137      0 0
   8  12  14  16  18  19
   3742  5   6005      0 0
   8  12  14  16  18
   3890  5   3121      0 0
   8  12  14  16  19
   3542  5   2365      0 0
   8  12  15  18  19
   3760  4   5363      0 0
   8  12  15  18
   3848  4   2351      0 0
   8  12  15  19
   1114  5    542      0 0
   8  12  16  18  19
   1114  5   2817      0 0
   8  12  16  18  19
   1278  4   5707      0 0
   8  12  16  18
   1424  4   2767      0 0
   8  12  16  19
   4336  6   7949      0 0
   8  13  14  15  17  18
   4574  6   7931      0 0
   8  13  14  15  17  19
   4684  5   7915      0 0
   8  13  14  15  17
   5048  5   7899      0 0
   8  13  14  15  18
   5236  5   7883      0 0
   8  13  14  15  19
   2222  6   6345      0 0
   8  13  14  16  17  18
   2368  6   3549      0 0
   8  13  14  16  17  19
   3436  7   4514      0 0
   8  13  15  16  17  18  19
   3478  7   7310      0 0
   8  13  15  16  17  18  19
   3374  7   7651      0 0
   8  13  15  16  17  18  19
   3314  6   7292      0 0
   8  13  15  16  17  18
   3294  6   7044      0 0
   8  13  15  16  17  18
   3722  6   7633      0 0
   8  13  15  16  17  19
   3442  6   4248      0 0
   8  13  15  16  17  19
   4090  6   7615      0 0
   8  13  15  16  18  19
   2576  4   7781      0 0
   8  13  15  18
   2772  4   7601      0 0
   8  13  15  19
   3020  4   2527      0 0
   8  13  15  19
   2608  3   7557      0 0
   8  13  15
    734  5   7330      0 0
   8  13  16  17  18
   2726  5   7276      0 0
   8  13  16  17  18
   2708  5   7028      0 0
   8  13  16  17  18
    768  5   4534      0 0
   8  13  16  17  19
   2874  5   4480      0 0
   8  13  16  17  19
    254  2   7967      0 0
   8  13
   4802  6   2573      0 0
   8  14  15  17  18  19
   5062  5   5453      0 0
   8  14  15  17  18
   5150  5   2557      0 0
   8  14  15  17  19
   5514  5   2541      0 0
   8  14  15  18  19
   5246  6   2011      0 0
   8  14  16  17  18  19
   2346  6   3473      0 0
   8  14  16  17  18  19
   5386  6   5217      0 0
   8  14  16  17  18  19
   2546  5   6213      0 0
   8  14  16  17  18
   2694  5   3417      0 0
   8  14  16  17  19
   3058  5   3209      0 0
   8  14  16  18  19
   3778  6   4318      0 0
   8  15  16  17  18  19
   3768  6   7114      0 0
   8  15  16  17  18  19
   4434  5   5563      0 0
   8  15  16  18  19
   3042  4   2429      0 0
   8  15  18  19
   2986  3   5235      0 0
   8  15  18
   3074  3   2339      0 0
   8  15  19
   2772  5   2237      0 0
   8  16  17  18  19
   2916  5   5133      0 0
   8  16  17  18  19
    584  5   4428      0 0
   8  16  17  18  19
   1146  4   7100      0 0
   8  16  17  18
   1178  4   4304      0 0
   8  16  17  19
   1300  4   3075      0 0
   8  16  18  19
    180  2   5553      0 0
   8  18
    222  2   2757      0 0
   8  19
    486  1   1847      0 0
   8
   5080  4  21085      0 0
   9  11  12  18
   5182  4  20940      0 0
   9  11  12  19
   6328  5  22397      0 0
   9  11  14  17  18
   6312  5  22561      0 0
   9  11  14  17  18
   6422  5  22629      0 0
   9  11  14  17  18
   6464  5  22459      0 0
   9  11  14  17  19
   6470  5  23894      0 0
   9  11  14  17  19
   7026  4  22188      0 0
   9  11  14  18
   7126  4  21985      0 0
   9  11  14  19
   5076  6  13730      0 0
   9  11  16  17  18  19
   5016  6  13800      0 0
   9  11  16  17  18  19
   5454  6  23341      0 0
   9  11  16  17  18  19
   5012  6   8986      0 0
   9  11  16  17  18  19
   5352  6  20757      0 0
   9  11  16  17  18  19
   5678  5  13509      0 0
   9  11  16  18  19
   5834  5   8793      0 0
   9  11  16  18  19
   5724  5   8744      0 0
   9  11  16  18  19
   3848  4  23564      0 0
   9  11  17  18
   6912  4  22971      0 0
   9  11  17  18
   4000  4  23228      0 0
   9  11  17  19
   4204  4  23453      0 0
   9  11  17  19
   4560  3  21472      0 0
   9  11  18
   4662  3  20416      0 0
   9  11  19
   3106  6  28085      0 0
   9  12  13  15  17  18
   3208  6  27977      0 0
   9  12  13  15  17  19
   2938  5  16330      0 0
   9  12  13  15  18
   3040  5  16196      0 0
   9  12  13  15  19
   4800  5  12667      0 0
   9  12  14  17  18
   5176  5  29169      0 0
   9  12  14  17  19
   4950  5  12571      0 0
   9  12  14  17  19
   5512  4  12221      0 0
   9  12  14  18
   5614  4  12085      0 0
   9  12  14  19
   3558  6  26995      0 0
   9  12  15  17  18  19
   3712  6  27047      0 0
   9  12  15  17  18  19
   3714  5  14879      0 0
   9  12  15  18  19
   3854  5   9837      0 0
   9  12  15  18  19
   3528  4  18640      0 0
   9  12  15  18
   3630  4  18504      0 0
   9  12  15  19
   3832  6  11243      0 0
   9  12  16  17  18  19
   4328  5  12983      0 0
   9  12  16  18  19
   4172  5  12937      0 0
   9  12  16  18  19
   3034  3  11517      0 0
   9  12  18
   3136  3  10897      0 0
   9  12  19
   4198  6  17752      0 0
   9  13  14  15  17  18
   4212  6  17594      0 0
   9  13  14  15  17  18
   4348  6  17644      0 0
   9  13  14  15  17  19
   4554  6  17716      0 0
   9  13  14  15  17  19
   4910  5  17303      0 0
   9  13  14  15  18
   5010  5  17123      0 0
   9  13  14  15  19
   3236  7  16038      0 0
   9  13  15  16  17  18  19
   3240  7  16977      0 0
   9  13  15  16  17  18  19
   3906  6  16666      0 0
   9  13  15  16  18  19
   2716  5  28502      0 0
   9  13  15  17  18
   2606  5  28263      0 0
   9  13  15  17  18
   5764  5  27676      0 0
   9  13  15  17  19
   2708  5  27692      0 0
   9  13  15  17  19
   2444  4  16612      0 0
   9  13  15  18
   2546  4  15673      0 0
   9  13  15  19
   5084  6  15365      0 0
   9  14  15  17  18  19
   5018  6  10551      0 0
   9  14  15  17  18  19
   5004  6  10617      0 0
   9  14  15  17  18  19
   4788  5  20172      0 0
   9  14  15  17  18
   4940  5  20076      0 0
   9  14  15  17  19
   5840  5  15199      0 0
   9  14  15  18  19
   5686  5  15115      0 0
   9  14  15  18  19
   5500  4  19726      0 0
   9  14  15  18
   5602  4  19536      0 0
   9  14  15  19
   5514  6  13323      0 0
   9  14  16  17  18  19
   5454  6  13389      0 0
   9  14  16  17  18  19
   6170  6  29074      0 0
   9  14  16  17  18  19
   5612  6   9676      0 0
   9  14  16  17  18  19
   5456  6  14386      0 0
   9  14  16  17  18  19
   5450  6   8575      0 0
   9  14  16  17  18  19
   6116  5  13111      0 0
   9  14  16  18  19
   6162  5   8343      0 0
   9  14  16  18  19
   4548  4  29465      0 0
   9  14  17  18
   4650  4  28916      0 0
   9  14  17  19
   3890  6  19288      0 0
   9  15  16  17  18  19
   3826  6  18332      0 0
   9  15  16  17  18  19
   3936  6  18384      0 0
   9  15  16  17  18  19
   4496  5  19008      0 0
   9  15  16  18  19
   3214  5  26949      0 0
   9  15  17  18  19
   3140  5  25461      0 0
   9  15  17  18  19
   3058  5  26849      0 0
   9  15  17  18  19
   3376  4  14839      0 0
   9  15  18  19
   3222  4  14603      0 0
   9  15  18  19
   3036  3  18962      0 0
   9  15  18
   3144  3  19492      0 0
   9  15  18
   3292  3  18470      0 0
   9  15  19
   3136  3  17940      0 0
   9  15  19
   3046  5  14042      0 0
   9  16  17  18  19
   2986  5  14230      0 0
   9  16  17  18  19
   2982  5   9416      0 0
   9  16  17  18  19
   6030  5   9400      0 0
   9  16  17  18  19
   2996  5   9228      0 0
   9  16  17  18  19
   3652  4  12843      0 0
   9  16  18  19
   3806  4  12897      0 0
   9  16  18  19
   2028  3  26153      0 0
   9  17  18
   2180  3  24513      0 0
   9  17  19
   2334  3  25780      0 0
   9  17  19
    198  2  15561      0 0
   9  18
    238  2  10747      0 0
   9  19
    588  1   1206      0 0
   9
   5014  4  21215      0 0
  10  11  12  18
   5150  4  20955      0 0
  10  11  12  19
   6246  5  22646      0 0
  10  11  14  17  18
   6300  5  22414      0 0
  10  11  14  17  18
   6442  5  23979      0 0
  10  11  14  17  19
   6432  5  22476      0 0
  10  11  14  17  19
   6958  4  22318      0 0
  10  11  14  18
   7094  4  22000      0 0
  10  11  14  19
   4952  6   9060      0 0
  10  11  16  17  18  19
   5004  6   8935      0 0
  10  11  16  17  18  19
   5324  6  20776      0 0
  10  11  16  17  18  19
   4990  6  13819      0 0
  10  11  16  17  18  19
   4990  6   9005      0 0
  10  11  16  17  18  19
   5702  5   8761      0 0
  10  11  16  18  19
   5652  5  13526      0 0
  10  11  16  18  19
   5658  5  13575      0 0
  10  11  16  18  19
   3834  4  23016      0 0
  10  11  17  18
   3780  4  23804      0 0
  10  11  17  18
   4022  4  23468      0 0
  10  11  17  19
   3966  4  23258      0 0
  10  11  17  19
   4494  3  21972      0 0
  10  11  18
   4628  3  20442      0 0
  10  11  19
   4634  3  20916      0 0
  10  11  19
   3038  6  28175      0 0
  10  12  13  15  17  18
   3174  6  27995      0 0
  10  12  13  15  17  19
   2870  5  16448      0 0
  10  12  13  15  18
   3006  5  16212      0 0
  10  12  13  15  19
   4732  5  12747      0 0
  10  12  14  17  18
   4918  5  12587      0 0
  10  12  14  17  19
   4974  5  12651      0 0
  10  12  14  17  19
   5444  4  12343      0 0
  10  12  14  18
   5580  4  12099      0 0
  10  12  14  19
   3524  6  27013      0 0
  10  12  15  17  18  19
   3572  6  25377      0 0
  10  12  15  17  18  19
   3694  5  14979      0 0
  10  12  15  18  19
   3684  5   9853      0 0
  10  12  15  18  19
   3460  4  18762      0 0
  10  12  15  18
   3596  4  18518      0 0
  10  12  15  19
   3764  6  11313      0 0
  10  12  16  17  18  19
   3804  6  11881      0 0
  10  12  16  17  18  19
   4146  5  12953      0 0
  10  12  16  18  19
   4156  5   8059      0 0
  10  12  16  18  19
   4152  5  12999      0 0
  10  12  16  18  19
   2974  3  12013      0 0
  10  12  18
   3110  3  10921      0 0
  10  12  19
   4170  6  17770      0 0
  10  13  14  15  17  18
   4130  6  17842      0 0
  10  13  14  15  17  18
   4376  6  17560      0 0
  10  13  14  15  17  19
   4316  6  17662      0 0
  10  13  14  15  17  19
   4842  5  17421      0 0
  10  13  14  15  18
   4978  5  17139      0 0
  10  13  14  15  19
   3206  7  16997      0 0
  10  13  15  16  17  18  19
   3168  7  16116      0 0
  10  13  15  16  17  18  19
   3266  7  16941      0 0
  10  13  15  16  17  18  19
   3878  6  16736      0 0
  10  13  15  16  18  19
   3872  6  16684      0 0
  10  13  15  16  18  19
   2540  5  28518      0 0
  10  13  15  17  18
   2580  5  28295      0 0
  10  13  15  17  18
   2680  5  27947      0 0
  10  13  15  17  19
   2674  5  27724      0 0
  10  13  15  17  19
   5318  4  16626      0 0
  10  13  15  18
   2378  4  17109      0 0
  10  13  15  18
   2514  4  15701      0 0
  10  13  15  19
   2518  4  16170      0 0
  10  13  15  19
   4944  6  10687      0 0
  10  14  15  17  18  19
   4984  6  10635      0 0
  10  14  15  17  18  19
   4720  5  20252      0 0
  10  14  15  17  18
   4906  5  20092      0 0
  10  14  15  17  19
   4962  5  20156      0 0
  10  14  15  17  19
   5656  5  10447      0 0
  10  14  15  18  19
   5696  5  10363      0 0
  10  14  15  18  19
   5432  4  19848      0 0
  10  14  15  18
   5568  4  19550      0 0
  10  14  15  19
   5428  6   8593      0 0
  10  14  16  17  18  19
   5388  6   8645      0 0
  10  14  16  17  18  19
   5440  6   9694      0 0
  10  14  16  17  18  19
   6096  5  13173      0 0
  10  14  16  18  19
   6090  5  13127      0 0
  10  14  16  18  19
   4480  4  29692      0 0
  10  14  17  18
   4616  4  28944      0 0
  10  14  17  19
   3758  6  18402      0 0
  10  15  16  17  18  19
   3852  6  19424      0 0
  10  15  16  17  18  19
   3812  6  18284      0 0
  10  15  16  17  18  19
   4462  5  19024      0 0
  10  15  16  18  19
   3026  5  26881      0 0
  10  15  17  18  19
   3112  5  25493      0 0
  10  15  17  18  19
   5972  5  25989      0 0
  10  15  17  18  19
   3188  4  14631      0 0
  10  15  18  19
   3184  4  10263      0 0
  10  15  18  19
   2968  3  19504      0 0
  10  15  18
   3104  3  17964      0 0
  10  15  19
   2914  5   9494      0 0
  10  16  17  18  19
   5914  5  13962      0 0
  10  16  17  18  19
   2954  5   9448      0 0
  10  16  17  18  19
   3012  5  14074      0 0
  10  16  17  18  19
   5860  5  14246      0 0
  10  16  17  18  19
   3008  5  14308      0 0
  10  16  17  18  19
   3618  4  12871      0 0
  10  16  18  19
   3624  4  12911      0 0
  10  16  18  19
   1960  3  27332      0 0
  10  17  18
   2146  3  24537      0 0
  10  17  19
    196  2  15581      0 0
  10  18
    224  2  10767      0 0
  10  19
    548  1   1291      0 0
  10
   4646  5  29857      0 0
  11  12  13  14  17
   4426  5  12436      0 0
  11  12  13  14  17
   5096  4  22173      0 0
  11  12  13  14
   3314  6  11762      0 0
  11  12  13  16  17  18
   3280  6  23751      0 0
  11  12  13  16  17  18
   3462  6  11142      0 0
  11  12  13  16  17  19
   3648  5  13624      0 0
  11  12  13  16  18
   3796  5   8727      0 0
  11  12  13  16  19
   2626  3  21243      0 0
  11  12  13
   4410  5  12419      0 0
  11  12  14  17  18
   4422  5  21318      0 0
  11  12  14  17  18
   4874  5  29823      0 0
  11  12  14  17  19
   4648  5  12402      0 0
  11  12  14  17  19
   4756  4  12387      0 0
  11  12  14  17
   5122  4  12372      0 0
  11  12  14  18
   5310  4  12357      0 0
  11  12  14  19
   5440  3  22130      0 0
  11  12  14
   3454  6  21017      0 0
  11  12  16  17  18  19
   3444  6  11123      0 0
  11  12  16  17  18  19
   3622  5  23715      0 0
  11  12  16  17  18
   3792  5  11106      0 0
  11  12  16  17  19
   3828  5   8710      0 0
  11  12  16  18  19
   3874  5  13607      0 0
  11  12  16  18  19
   3992  4  13592      0 0
  11  12  16  18
   4138  4   8695      0 0
  11  12  16  19
   2664  3  21115      0 0
  11  12  18
   2852  3  20970      0 0
  11  12  19
   2968  2  20929      0 0
  11  12
   3806  6  17507      0 0
  11  13  14  15  17  18
   4052  6  17488      0 0
  11  13  14  15  17  19
   4162  5    198      0 0
  11  13  14  15  17
   4520  5  17454      0 0
  11  13  14  15  18
   4714  5  17437      0 0
  11  13  14  15  19
   4936  6  13694      0 0
  11  13  14  16  17  18
   5082  6   8474      0 0
  11  13  14  16  17  19
   5082  6   8880      0 0
  11  13  14  16  17  19
   3912  4  22678      0 0
  11  13  14  17
   2848  7  15943      0 0
  11  13  15  16  17  18  19
   2946  7  16882      0 0
  11  13  15  16  17  18  19
   3056  6  16863      0 0
  11  13  15  16  17  18
   3202  6  15924      0 0
  11  13  15  16  17  19
   3560  6  15905      0 0
  11  13  15  16  18  19
   4964  5  23089      0 0
  11  13  15  17  18
   5158  5  23072      0 0
  11  13  15  17  19
   4994  4  23057      0 0
  11  13  15  17
   5990  4  21444      0 0
  11  13  15  18
   6076  4  20388      0 0
  11  13  15  19
   2470  5  13910      0 0
  11  13  16  17  18
   2804  5  21923      0 0
  11  13  16  17  18
   2618  5   9096      0 0
  11  13  16  17  19
   4420  3  23819      0 0
  11  13  17
   1754  3  23881      0 0
  11  13  17
   4614  6  10497      0 0
  11  14  15  17  18  19
   4398  5  19924      0 0
  11  14  15  17  18
   4642  5  19907      0 0
  11  14  15  17  19
   4752  4  19892      0 0
  11  14  15  17
   5326  5  10463      0 0
  11  14  15  18  19
   5110  4  19877      0 0
  11  14  15  18
   5304  4  19862      0 0
  11  14  15  19
   5156  6  13675      0 0
  11  14  16  17  18  19
   5060  6   8861      0 0
  11  14  16  17  18  19
   5156  6  13269      0 0
  11  14  16  17  18  19
   5060  6   8455      0 0
  11  14  16  17  18  19
   5112  6   9712      0 0
  11  14  16  17  18  19
   5114  6   9113      0 0
  11  14  16  17  18  19
   5458  6  23943      0 0
  11  14  16  17  18  19
   5606  5  22248      0 0
  11  14  16  17  18
   5266  5  13252      0 0
  11  14  16  17  18
   5414  5   8844      0 0
  11  14  16  17  19
   5414  5   8438      0 0
  11  14  16  17  19
   6114  5  20598      0 0
  11  14  16  18  19
   5772  5   8827      0 0
  11  14  16  18  19
   5772  5   8421      0 0
  11  14  16  18  19
   3896  4  22595      0 0
  11  14  17  18
   3952  4  24096      0 0
  11  14  17  18
   4140  4  23928      0 0
  11  14  17  19
   4134  4  22493      0 0
  11  14  17  19
   4244  3  22446      0 0
  11  14  17
   4608  3  22218      0 0
  11  14  18
   4796  3  22015      0 0
  11  14  19
   3536  6  19234      0 0
  11  15  16  17  18  19
   3438  6  18212      0 0
  11  15  16  17  18  19
   3772  5  19217      0 0
  11  15  16  17  18
   3920  5  18195      0 0
  11  15  16  17  19
   4150  5  18178      0 0
  11  15  16  18  19
   5436  5  23179      0 0
  11  15  17  18  19
   5330  4  23500      0 0
  11  15  17  18
   5468  4  23164      0 0
  11  15  17  19
   6098  4  20373      0 0
  11  15  18  19
   6042  3  21416      0 0
  11  15  18
   6130  3  20360      0 0
  11  15  19
   2692  5  13838      0 0
  11  16  17  18  19
   3024  5  21851      0 0
  11  16  17  18  19
   2594  5   9024      0 0
  11  16  17  18  19
   2796  4  13785      0 0
  11  16  17  18
   3194  4  21798      0 0
  11  16  17  18
   2942  4   8971      0 0
  11  16  17  19
   3650  4  20549      0 0
  11  16  18  19
   3306  4   8778      0 0
  11  16  18  19
   3354  4  13543      0 0
  11  16  18  19
   1564  3  23609      0 0
  11  17  18
   1836  3  23273      0 0
  11  17  19
   2146  2  23136      0 0
  11  17
   2276  2  21511      0 0
  11  18
   2498  2  20455      0 0
  11  19
   3494  6  27283      0 0
  12  13  14  15  17  18
   2278  6  16530      0 0
  12  13  14  15  17  18
   2976  6  15073      0 0
  12  13  14  15  17  18
   2524  6  16512      0 0
  12  13  14  15  17  19
   3108  6   9947      0 0
  12  13  14  15  17  19
   2632  5  16496      0 0
  12  13  14  15  17
   2990  5  16480      0 0
  12  13  14  15  18
   3656  5  15261      0 0
  12  13  14  15  18
   3186  5  16464      0 0
  12  13  14  15  19
   3324  4  17257      0 0
  12  13  14  15
   3426  6  14508      0 0
  12  13  14  16  17  18
   3924  6  26617      0 0
  12  13  14  16  17  18
   3574  6   9606      0 0
  12  13  14  16  17  19
   4086  5  13219      0 0
  12  13  14  16  18
   4234  5   8327      0 0
  12  13  14  16  19
   2398  4  12777      0 0
  12  13  14  17
   2570  7  25541      0 0
  12  13  15  16  17  18  19
   1310  7  16278      0 0
  12  13  15  16  17  18  19
   2222  7  27772      0 0
  12  13  15  16  17  18  19
   1518  6  16394      0 0
  12  13  15  16  17  18
   1666  6  16260      0 0
  12  13  15  16  17  19
   2054  6  15743      0 0
  12  13  15  16  18  19
   2074  6  16376      0 0
  12  13  15  16  18  19
   2026  6  16242      0 0
  12  13  15  16  18  19
   2218  5  16754      0 0
  12  13  15  16  18
   2366  5  15727      0 0
  12  13  15  16  19
    716  5  28121      0 0
  12  13  15  17  18
    876  5  28013      0 0
  12  13  15  17  19
   1330  5  25411      0 0
  12  13  15  17  19
   1180  4  27963      0 0
  12  13  15  17
    520  4  16362      0 0
  12  13  15  18
   4270  4   9869      0 0
  12  13  15  19
    714  4  16228      0 0
  12  13  15  19
   1532  3  18788      0 0
  12  13  15
    972  3  16184      0 0
  12  13  15
   1384  5  11967      0 0
  12  13  16  17  18
   4398  5  25912      0 0
  12  13  16  17  18
   4550  5  24194      0 0
  12  13  16  17  19
   1430  5  11347      0 0
  12  13  16  17  19
   1622  4  13029      0 0
  12  13  16  18
   1768  4   8089      0 0
  12  13  16  19
    912  2  12075      0 0
  12  13
   3692  6  25427      0 0
  12  14  15  17  18  19
   3086  6   9929      0 0
  12  14  15  17  18  19
   2868  5  18858      0 0
  12  14  15  17  18
   3114  5  18842      0 0
  12  14  15  17  19
   4018  5  25621      0 0
  12  14  15  17  19
   3224  4  18828      0 0
  12  14  15  17
   3860  5  15023      0 0
  12  14  15  18  19
   3798  5   9897      0 0
  12  14  15  18  19
   3580  4  18814      0 0
  12  14  15  18
   3998  4  15231      0 0
  12  14  15  18
   3776  4  18800      0 0
  12  14  15  19
   3914  3  19672      0 0
  12  14  15
   3930  6  12713      0 0
  12  14  16  17  18  19
   3604  6   9588      0 0
  12  14  16  17  18  19
   3974  6  11673      0 0
  12  14  16  17  18  19
   3558  6   8135      0 0
  12  14  16  17  18  19
   4164  6  29215      0 0
  12  14  16  17  18  19
   3882  6  11053      0 0
  12  14  16  17  18  19
   3766  5  13059      0 0
  12  14  16  17  18
   4086  5  12277      0 0
  12  14  16  17  18
   4464  5  24955      0 0
  12  14  16  17  19
   4230  5  11037      0 0
  12  14  16  17  19
   3912  5   8119      0 0
  12  14  16  17  19
   4264  5   8311      0 0
  12  14  16  18  19
   4312  5  13203      0 0
  12  14  16  18  19
   4430  4  13189      0 0
  12  14  16  18
   4576  4   8297      0 0
  12  14  16  19
   2382  4  12699      0 0
  12  14  17  18
   2652  4  29297      0 0
  12  14  17  18
   2620  4  12603      0 0
  12  14  17  19
   2730  3  12559      0 0
  12  14  17
   3094  3  12249      0 0
  12  14  18
   3282  3  12113      0 0
  12  14  19
   1902  6  18576      0 0
  12  15  16  17  18  19
   2086  6  18712      0 0
  12  15  16  17  18  19
   2416  5  18696      0 0
  12  15  16  17  18
   2448  5  18560      0 0
  12  15  16  17  19
   2616  5  18544      0 0
  12  15  16  18  19
   2644  5  18000      0 0
  12  15  16  18  19
   2808  4  19086      0 0
  12  15  16  18
   2956  4  17986      0 0
  12  15  16  19
   1228  5  27031      0 0
  12  15  17  18  19
   1248  5  25343      0 0
  12  15  17  18  19
   1530  4  26981      0 0
  12  15  17  18
   1712  4  25293      0 0
  12  15  17  19
   4680  4  11477      0 0
  12  15  18  19
   1328  4   9785      0 0
  12  15  18  19
   1450  3  18668      0 0
  12  15  18
   1492  3  18532      0 0
  12  15  19
   4604  3  10845      0 0
  12  15  19
   1916  2  18494      0 0
  12  15
   1414  5  11279      0 0
  12  16  17  18  19
   1684  5  26393      0 0
  12  16  17  18  19
   4368  5  11161      0 0
  12  16  17  18  19
   1796  4  11849      0 0
  12  16  17  18
   1998  4  24659      0 0
  12  16  17  19
   1830  4  11229      0 0
  12  16  17  19
   2130  4  10975      0 0
  12  16  18  19
   1800  4   8029      0 0
  12  16  18  19
   1958  3  12925      0 0
  12  16  18
   2104  3   7985      0 0
  12  16  19
    830  2  11553      0 0
  12  18
    872  2  10933      0 0
  12  19
   1296  1  10777      0 0
  12
   3282  7  17205      0 0
  13  14  15  16  17  18  19
   3380  7  17385      0 0
  13  14  15  16  17  18  19
   3980  7  15179      0 0
  13  14  15  16  17  18  19
   3490  6  17367      0 0
  13  14  15  16  17  18
   3640  6  15867      0 0
  13  14  15  16  17  19
   3638  6  17187      0 0
  13  14  15  16  17  19
   3998  6  17169      0 0
  13  14  15  16  18  19
   5978  5  29435      0 0
  13  14  15  17  18
   2478  5  15535      0 0
  13  14  15  17  18
   1780  5  17788      0 0
  13  14  15  17  18
   2024  5  17680      0 0
  13  14  15  17  19
   2848  5  28570      0 0
  13  14  15  17  19
   2128  4  17630      0 0
  13  14  15  17
   5366  4  20268      0 0
  13  14  15  17
   2492  4  17335      0 0
  13  14  15  18
   2686  4  17155      0 0
  13  14  15  19
   5862  5  13359      0 0
  13  14  16  17  18
   2908  5  13493      0 0
  13  14  16  17  18
   6028  5   8663      0 0
  13  14  16  17  19
   3054  5   8679      0 0
  13  14  16  17  19
   3712  6  15641      0 0
  13  15  16  17  18  19
   2016  6  27832      0 0
  13  15  16  17  18  19
   1092  6  16078      0 0
  13  15  16  17  18  19
   3870  6  16903      0 0
  13  15  16  17  18  19
   4442  6   9981      0 0
  13  15  16  17  18  19
   4116  6   9540      0 0
  13  15  16  17  18  19
   1742  6  14821      0 0
  13  15  16  17  18  19
   1210  6  17017      0 0
  13  15  16  17  18  19
   2072  5  19458      0 0
  13  15  16  17  18
   1538  5  16961      0 0
  13  15  16  17  18
   3966  5  16564      0 0
  13  15  16  17  18
   2218  5  18436      0 0
  13  15  16  17  19
   1686  5  16022      0 0
  13  15  16  17  19
   1806  5  15797      0 0
  13  15  16  18  19
   6430  4  26097      0 0
  13  15  17  18
    836  4  28311      0 0
  13  15  17  18
   3456  4  26111      0 0
  13  15  17  18
   1050  4  27740      0 0
  13  15  17  19
   1414  3  27646      0 0
  13  15  17
    628  3  16654      0 0
  13  15  18
   1234  3  15103      0 0
  13  15  18
   1366  3  10289      0 0
  13  15  19
    842  3  15715      0 0
  13  15  19
   1206  2  15599      0 0
  13  15
   3568  2  19516      0 0
  13  15
    934  4  14372      0 0
  13  16  17  18
   3394  4  14104      0 0
  13  16  17  18
   1080  4   9558      0 0
  13  16  17  19
    446  2  27636      0 0
  13  17
    558  1  15591      0 0
  13
   3928  6  18452      0 0
  14  15  16  17  18  19
   3872  6  19608      0 0
  14  15  16  17  18  19
   4080  5  19782      0 0
  14  15  16  17  18
   4228  5  19592      0 0
  14  15  16  17  19
   4588  5  19576      0 0
  14  15  16  18  19
   2700  5  15467      0 0
  14  15  17  18  19
   2588  5  10653      0 0
  14  15  17  18  19
   2802  4  15417      0 0
  14  15  17  18
   2370  4  20204      0 0
  14  15  17  18
   5568  4  19958      0 0
  14  15  17  19
   2614  4  20108      0 0
  14  15  17  19
   2972  3  20064      0 0
  14  15  17
   3300  4  10379      0 0
  14  15  18  19
   3082  3  19754      0 0
  14  15  18
   3278  3  19564      0 0
  14  15  19
   3632  5  25043      0 0
  14  16  17  18  19
   5986  5   8493      0 0
  14  16  17  18  19
   3032  5   8611      0 0
  14  16  17  18  19
   3636  5  29058      0 0
  14  16  17  18  19
   3232  4  13375      0 0
  14  16  17  18
   3380  4   8561      0 0
  14  16  17  19
   3744  4   8375      0 0
  14  16  18  19
   2130  3  29507      0 0
  14  17  18
   2318  3  28958      0 0
  14  17  19
   2152  5  19390      0 0
  15  16  17  18  19
   4454  5  14180      0 0
  15  16  17  18  19
   2034  5  18368      0 0
  15  16  17  18  19
   2482  4  19340      0 0
  15  16  17  18
   2630  4  18318      0 0
  15  16  17  19
   2750  4  18064      0 0
  15  16  18  19
   2818  4  19040      0 0
  15  16  18  19
   1368  4  25509      0 0
  15  17  18  19
   1400  4  26897      0 0
  15  17  18  19
   1764  3  26821      0 0
  15  17  18
   1946  3  25281      0 0
  15  17  19
   1228  3  10055      0 0
  15  18  19
   1572  2  18998      0 0
  15  18
   1786  2  17976      0 0
  15  19
   2148  1  17860      0 0
  15
    898  4   9464      0 0
  16  17  18  19
   1016  4  14278      0 0
  16  17  18  19
   4104  4  25836      0 0
  16  17  18  19
   1494  4  24909      0 0
  16  17  18  19
   1344  3  14168      0 0
  16  17  18
   1492  3   9354      0 0
  16  17  19
   1612  3   8257      0 0
  16  18  19
    410  2  26189      0 0
  17  18
    616  2  24649      0 0
  17  19
    920  1  12791      0 0
  18
   1074  1   7977      0 0
  19
